0 0.268000 0.414350 0.218400 0.828700
0 0.926100 0.409450 0.147800 0.669300
0 0.619850 0.493100 0.335300 0.986200
0 0.836800 0.403550 0.157400 0.578700
0 0.820250 0.227350 0.119900 0.242100
0 0.398150 0.470950 0.244900 0.558100
0 0.030500 0.474400 0.061000 0.862200
0 0.438950 0.123500 0.080900 0.160400
0 0.732000 0.628000 0.334600 0.689000
0 0.664300 0.726350 0.247800 0.466500
0 0.820250 0.592000 0.149300 0.611200
0 0.889300 0.566950 0.052200 0.269700
0 0.585250 0.708150 0.094100 0.406500
0 0.945600 0.157550 0.108800 0.171300
0 0.448150 0.516700 0.169900 0.387800
0 0.559200 0.577800 0.039000 0.187000
0 0.948550 0.289400 0.102900 0.427200
0 0.983100 0.420300 0.033800 0.661400
0 0.838600 0.576800 0.152200 0.324800
0 0.441900 0.218500 0.088200 0.348400
