0 0.354000 0.429650 0.281600 0.859300
0 0.526050 0.325300 0.146300 0.534400
0 0.900000 0.485700 0.200000 0.884800
0 0.687100 0.566450 0.264000 0.556100
0 0.654750 0.249500 0.133100 0.373000
0 0.197800 0.383400 0.154400 0.764800
0 0.431250 0.578750 0.171300 0.279500
0 0.814350 0.416300 0.099300 0.185000
0 0.892250 0.602850 0.212500 0.394700
0 0.823600 0.514300 0.082400 0.347400
0 0.956200 0.670750 0.086000 0.203700
0 0.073550 0.417850 0.147100 0.833700
0 0.840050 0.503900 0.055100 0.189000
0 0.643800 0.414350 0.159600 0.704700
0 0.900750 0.658000 0.198500 0.176200
0 0.798500 0.382900 0.066200 0.122000
0 0.062550 0.022150 0.105900 0.044300
0 0.478300 0.575800 0.077200 0.277600
0 0.953300 0.491200 0.089000 0.889800
0 0.970600 0.748550 0.058800 0.315900
0 0.965450 0.591550 0.069100 0.417300
0 0.970600 0.710150 0.058800 0.119100
0 0.860650 0.461100 0.121300 0.227400
