0 0.099650 0.500000 0.199300 1.000000
0 0.575750 0.397650 0.223500 0.795300
0 0.872850 0.418300 0.251500 0.763800
0 0.663300 0.350900 0.011800 0.040400
0 0.653000 0.351850 0.011800 0.044300
0 0.647100 0.352300 0.016200 0.047200
0 0.640850 0.355850 0.019900 0.044300
0 0.838300 0.092000 0.036800 0.085600
0 0.962900 0.452800 0.072800 0.862200
0 0.834600 0.376950 0.120600 0.655500
0 0.669100 0.351900 0.016200 0.038400
0 0.619900 0.496050 0.116200 0.604300
0 0.828250 0.113150 0.055100 0.129900
0 0.923900 0.572850 0.147800 0.531500
0 0.675050 0.353850 0.010300 0.030500
0 0.947400 0.654500 0.077200 0.287400
0 0.633500 0.354800 0.009600 0.040400
