0 0.968400 0.432050 0.063200 0.454700
0 0.341900 0.393750 0.111800 0.783500
0 0.201100 0.483750 0.389000 0.967500
0 0.081600 0.441950 0.163200 0.744100
0 0.665850 0.393650 0.119900 0.641700
0 0.492600 0.470500 0.250000 0.939000
0 0.787150 0.401100 0.180100 0.688000
0 0.736700 0.394650 0.088200 0.618100
0 0.404000 0.394200 0.081600 0.788400
0 0.732350 0.173700 0.055900 0.160400
0 0.832350 0.474450 0.122100 0.446900
0 0.411400 0.595950 0.059600 0.408500
0 0.695650 0.121550 0.047100 0.093500
0 0.026850 0.447350 0.053700 0.745100
0 0.742600 0.139750 0.042600 0.094500
0 0.391950 0.550150 0.055900 0.442900
0 0.022050 0.550700 0.044100 0.375000
