0 0.164350 0.628450 0.328700 0.628900
0 0.349300 0.410950 0.229400 0.821900
0 0.469100 0.556600 0.136800 0.325800
0 0.822000 0.467050 0.213200 0.930100
0 0.618350 0.495100 0.319100 0.990200
0 0.177900 0.313500 0.170600 0.627000
0 0.061400 0.342000 0.122800 0.548200
0 0.954800 0.315950 0.090400 0.533500
0 0.912150 0.574850 0.121300 0.433100
0 0.691150 0.626950 0.135300 0.295300
0 0.813950 0.586150 0.364700 0.441900
0 0.808450 0.593550 0.358100 0.456700
0 0.639750 0.566900 0.035300 0.173200
0 0.646000 0.619550 0.027200 0.294300
0 0.235650 0.097450 0.041900 0.078700
0 0.452900 0.077800 0.025000 0.065000
0 0.661000 0.584150 0.070600 0.258900
0 0.752550 0.663900 0.250700 0.249000
