0 0.837100 0.456200 0.172800 0.910400
0 0.480550 0.370100 0.178700 0.700800
0 0.946300 0.432600 0.107400 0.774600
0 0.665850 0.487750 0.291900 0.971500
0 0.414400 0.379400 0.064000 0.564000
0 0.060700 0.386850 0.118400 0.696900
0 0.200700 0.405500 0.225000 0.811000
0 0.315450 0.372550 0.127900 0.731300
0 0.346350 0.445850 0.097100 0.557100
0 0.909200 0.413900 0.068400 0.747000
0 0.604050 0.657500 0.041900 0.139800
0 0.020600 0.745050 0.041200 0.444900
0 0.020200 0.890200 0.040400 0.160400
0 0.263300 0.402600 0.107400 0.787400
0 0.910300 0.073850 0.038200 0.104300
0 0.026850 0.022150 0.053700 0.044300
0 0.305850 0.308500 0.102900 0.597400
