0 0.327900 0.487250 0.388200 0.956700
0 0.487200 0.524150 0.134600 0.357300
0 0.132300 0.453200 0.263200 0.823800
0 0.761400 0.431650 0.265400 0.857300
0 0.048900 0.410000 0.097800 0.814000
0 0.652600 0.568400 0.184600 0.351400
0 0.402900 0.526100 0.300000 0.363200
0 0.737100 0.251500 0.043400 0.288400
0 0.779800 0.565450 0.331600 0.432100
0 0.206200 0.548250 0.152200 0.657500
0 0.929400 0.383350 0.141200 0.530500
0 0.084500 0.678150 0.033800 0.283500
0 0.757050 0.429600 0.274300 0.272600
0 0.858450 0.428650 0.253700 0.630900
0 0.721650 0.284950 0.083100 0.357300
0 0.870950 0.629900 0.208100 0.326800
0 0.685350 0.380400 0.130900 0.162400
0 0.047450 0.654000 0.091900 0.276600
0 0.163650 0.679650 0.208100 0.317900
0 0.739700 0.344500 0.138200 0.502000
0 0.284500 0.655450 0.033800 0.153500
0 0.792650 0.505400 0.219100 0.260800
0 0.083500 0.591100 0.047800 0.477400
