0 0.767700 0.566500 0.461800 0.753000
0 0.191950 0.634850 0.355900 0.529500
0 0.465800 0.617650 0.202200 0.254900
0 0.823200 0.158500 0.143400 0.165400
0 0.269550 0.409950 0.274300 0.819900
0 0.091200 0.215050 0.138200 0.428100
0 0.962500 0.413850 0.075000 0.731300
0 0.612850 0.496050 0.099300 0.196900
0 0.817950 0.375500 0.150700 0.611200
0 0.886750 0.509800 0.226500 0.937000
0 0.669100 0.549700 0.242600 0.373000
0 0.281950 0.621600 0.216900 0.363200
0 0.181250 0.247550 0.321300 0.495100
0 0.961400 0.195900 0.077200 0.299200
0 0.519150 0.581200 0.422100 0.335600
