0 0.226850 0.483750 0.450700 0.967500
0 0.648600 0.390250 0.157400 0.758900
0 0.493350 0.403050 0.123500 0.591500
0 0.588550 0.397650 0.155100 0.771700
0 0.902200 0.455700 0.195600 0.901600
0 0.773550 0.394700 0.135300 0.602400
0 0.265100 0.775600 0.343400 0.315000
0 0.347850 0.421800 0.205900 0.839600
0 0.543750 0.413850 0.366900 0.743100
0 0.191950 0.620550 0.189700 0.609300
0 0.195950 0.813450 0.194900 0.241100
0 0.330150 0.745600 0.214700 0.223400
0 0.305100 0.620050 0.275000 0.631900
0 0.464000 0.485750 0.833800 0.766700
0 0.397050 0.742150 0.080900 0.216500
