0 0.890450 0.493650 0.219100 0.934100
0 0.724300 0.387250 0.116200 0.605300
0 0.234200 0.482800 0.314000 0.965600
0 0.036750 0.449850 0.073500 0.755900
0 0.581600 0.477850 0.225000 0.955700
0 0.790450 0.449300 0.073500 0.611200
0 0.358800 0.398200 0.120600 0.790400
0 0.448550 0.433550 0.127900 0.855300
0 0.120600 0.482250 0.107400 0.767700
0 0.402550 0.393200 0.103700 0.784400
0 0.769850 0.393250 0.047100 0.530500
0 0.446000 0.587100 0.059600 0.473400
0 0.374300 0.050250 0.036800 0.096500
0 0.769450 0.194350 0.041900 0.103300
0 0.146350 0.572300 0.048500 0.585600
0 0.022050 0.754450 0.044100 0.306100
0 0.770600 0.264250 0.045600 0.245100
0 0.789350 0.693900 0.053700 0.124000
0 0.407750 0.549200 0.071300 0.500000
0 0.331950 0.528500 0.105100 0.561000
0 0.476500 0.596950 0.075000 0.479300
0 0.788200 0.581650 0.054400 0.342500
