0 0.481250 0.395700 0.171300 0.712600
0 0.259600 0.482300 0.329400 0.948800
0 0.715850 0.608250 0.244900 0.533500
0 0.663250 0.341050 0.155900 0.530500
0 0.094500 0.381400 0.115400 0.634800
0 0.048150 0.419300 0.096300 0.726400
0 0.809950 0.396150 0.191900 0.782500
0 0.940800 0.407450 0.118400 0.718500
0 0.952950 0.592500 0.094100 0.301200
0 0.573600 0.548250 0.082400 0.267700
0 0.151450 0.639750 0.169100 0.391700
0 0.425000 0.360750 0.067600 0.668300
0 0.902900 0.548200 0.083800 0.413400
0 0.019850 0.629450 0.039700 0.308100
0 0.435650 0.067400 0.058100 0.073800
0 0.237500 0.617650 0.345600 0.441900
0 0.392250 0.521200 0.030100 0.064000
0 0.018400 0.522150 0.036800 0.691900
0 0.014350 0.763300 0.028700 0.048200
0 0.904450 0.588100 0.176500 0.335600
0 0.116500 0.921250 0.231600 0.155500
0 0.523550 0.575250 0.194100 0.315900
