0 0.400350 0.429650 0.303700 0.859300
0 0.907000 0.487150 0.186000 0.903500
0 0.691200 0.566900 0.242600 0.549200
0 0.648200 0.281950 0.131600 0.430100
0 0.525000 0.349950 0.132400 0.583700
0 0.205500 0.383400 0.177200 0.762800
0 0.806300 0.518200 0.093400 0.402600
0 0.856650 0.172300 0.060300 0.177200
0 0.070950 0.417300 0.141900 0.834600
0 0.513600 0.571850 0.115400 0.295300
0 0.874600 0.287450 0.097800 0.421300
0 0.426150 0.570850 0.283100 0.293300
0 0.843000 0.393700 0.114000 0.389800
0 0.037850 0.022650 0.075700 0.045300
0 0.862850 0.550200 0.212500 0.472400
