0 0.534950 0.584600 0.055100 0.063000
0 0.609200 0.546300 0.031600 0.051200
0 0.752250 0.580700 0.047100 0.039400
0 0.805200 0.529100 0.020600 0.040400
0 0.422800 0.487650 0.042600 0.028500
0 0.496350 0.514300 0.051500 0.036400
0 0.785650 0.587550 0.053700 0.041300
0 0.819850 0.603850 0.069100 0.054100
0 0.983850 0.462150 0.014700 0.032500
0 0.484200 0.486250 0.031600 0.029500
0 0.495150 0.498000 0.055100 0.051200
0 0.995950 0.436500 0.008100 0.038400
0 0.990450 0.458700 0.019100 0.039400
0 0.716900 0.281450 0.016200 0.017700
0 0.995600 0.461100 0.008800 0.036400
