0 0.384950 0.411400 0.246300 0.822800
0 0.197450 0.414400 0.180100 0.624000
0 0.642950 0.431650 0.225700 0.644700
0 0.910650 0.429100 0.116900 0.376000
0 0.751850 0.391250 0.087500 0.443900
0 0.805900 0.415850 0.036800 0.170300
0 0.499950 0.391750 0.089700 0.578700
0 0.059550 0.401550 0.119100 0.629900
0 0.836050 0.401100 0.055900 0.227400
0 0.944900 0.331250 0.057400 0.170300
0 0.487850 0.154500 0.050700 0.100400
0 0.940100 0.404550 0.068400 0.320900
0 0.487550 0.309500 0.051500 0.410400
0 0.520950 0.387300 0.044900 0.115200
0 0.820200 0.393650 0.043400 0.155500
0 0.765850 0.472900 0.062500 0.276600
0 0.853300 0.326250 0.014000 0.020700
0 0.520950 0.393150 0.044900 0.304100
0 0.804400 0.378400 0.029400 0.085600
