0 0.271750 0.485250 0.319900 0.970500
0 0.512500 0.396200 0.182400 0.713600
0 0.691550 0.615150 0.246300 0.517700
0 0.917650 0.632400 0.164700 0.459600
0 0.100400 0.379900 0.114000 0.614200
0 0.656200 0.328750 0.161000 0.557100
0 0.045600 0.409450 0.091200 0.746100
0 0.802600 0.396650 0.202200 0.791300
0 0.442600 0.363650 0.088200 0.654500
0 0.140050 0.641250 0.205100 0.380900
0 0.734550 0.424750 0.039700 0.071900
0 0.854100 0.565950 0.209600 0.456700
0 0.445950 0.172700 0.078700 0.276600
0 0.833100 0.169800 0.142600 0.339600
0 0.137100 0.474450 0.197800 0.856300
0 0.911350 0.386300 0.075700 0.085600
0 0.425700 0.512800 0.067600 0.374000
0 0.765400 0.593950 0.104400 0.430100
0 0.465400 0.501950 0.108800 0.391700
0 0.180950 0.503950 0.122100 0.657500
0 0.578350 0.392700 0.166900 0.661400
0 0.014350 0.759350 0.028700 0.058100
