0 0.721300 0.410950 0.036800 0.130900
0 0.796650 0.409500 0.046300 0.177200
0 0.757700 0.410450 0.036000 0.155500
0 0.675350 0.402600 0.028700 0.124000
0 0.649600 0.410900 0.036000 0.125000
0 0.609950 0.383900 0.021300 0.039400
0 0.740500 0.410950 0.057400 0.144700
0 0.623850 0.408500 0.071300 0.114200
0 0.612150 0.406550 0.044900 0.096500
0 0.605450 0.403000 0.030100 0.060000
0 0.630900 0.384850 0.017600 0.031500
0 0.631600 0.407000 0.058800 0.115200
0 0.616900 0.392750 0.045600 0.066900
0 0.633500 0.393650 0.022800 0.066900
0 0.646300 0.406500 0.042600 0.128000
