0 0.462400 0.239600 0.139600 0.479200
0 0.902400 0.282550 0.127000 0.427100
0 0.668900 0.257850 0.107400 0.424500
0 0.745150 0.258400 0.080100 0.334600
0 0.838850 0.264300 0.072300 0.364600
0 0.964350 0.274800 0.071300 0.351600
0 0.795850 0.272100 0.027300 0.122400
0 0.940000 0.115200 0.034200 0.056000
0 0.778800 0.272750 0.026400 0.115900
0 0.809600 0.267550 0.048800 0.259100
0 0.978050 0.224000 0.043900 0.244800
0 0.071300 0.264950 0.009800 0.016900
0 0.991200 0.273450 0.017600 0.333300
0 0.971250 0.131550 0.030300 0.044300
0 0.977550 0.165400 0.044900 0.112000
