0 0.058450 0.368600 0.116900 0.737200
0 0.489300 0.445400 0.247800 0.888800
0 0.332050 0.397650 0.124300 0.633900
0 0.926100 0.424700 0.147800 0.839600
0 0.627200 0.430600 0.116200 0.774600
0 0.817300 0.449350 0.236000 0.833700
0 0.201500 0.237200 0.186800 0.474400
0 0.809200 0.105350 0.156600 0.206700
0 0.677900 0.388300 0.167600 0.688000
0 0.203650 0.634800 0.244100 0.409400
0 0.729850 0.406950 0.119900 0.656500
0 0.120900 0.287350 0.056600 0.417300
0 0.748100 0.047250 0.065400 0.092500
0 0.640050 0.153600 0.103700 0.214600
0 0.054800 0.021650 0.109600 0.043300
0 0.779050 0.053650 0.133100 0.105300
0 0.655450 0.469950 0.075700 0.630900
