0 0.441600 0.828250 0.239000 0.343500
0 0.688600 0.751450 0.622800 0.493100
0 0.240400 0.384850 0.233800 0.769700
0 0.059550 0.748500 0.119100 0.485200
0 0.264350 0.626950 0.237500 0.606300
0 0.573200 0.500450 0.193400 0.140700
0 0.064700 0.492100 0.129400 0.313000
0 0.852900 0.491200 0.292600 0.277600
0 0.951450 0.508350 0.097100 0.180100
0 0.854050 0.659000 0.291900 0.615200
0 0.571350 0.692900 0.205900 0.539400
0 0.555550 0.498000 0.162500 0.137800
0 0.008450 0.186000 0.016900 0.372000
0 0.607400 0.400600 0.011800 0.009800
0 0.895600 0.456700 0.041200 0.088600
0 0.936750 0.654500 0.126500 0.563000
0 0.893000 0.482300 0.090400 0.122000
