0 0.458100 0.432100 0.233800 0.864200
0 0.920200 0.453300 0.159600 0.888800
0 0.610300 0.365150 0.013200 0.041300
0 0.663950 0.353300 0.010300 0.035400
0 0.653300 0.352350 0.011000 0.043300
0 0.594900 0.366700 0.011800 0.040400
0 0.620200 0.360750 0.011000 0.044300
0 0.632750 0.356350 0.012500 0.045300
0 0.647400 0.352350 0.014000 0.045300
0 0.194100 0.402100 0.229400 0.800200
0 0.642250 0.356250 0.012500 0.043300
0 0.660300 0.354800 0.011800 0.036400
0 0.646300 0.340000 0.011800 0.022600
0 0.675700 0.355300 0.008800 0.027600
