0 0.210300 0.637250 0.267600 0.392700
0 0.638250 0.391250 0.147100 0.678100
0 0.456950 0.604300 0.262500 0.486200
0 0.501850 0.276600 0.155100 0.476400
0 0.234150 0.233250 0.205100 0.466500
0 0.748550 0.635400 0.264700 0.440000
0 0.426500 0.235250 0.107400 0.370100
0 0.800400 0.378450 0.193400 0.745100
0 0.114650 0.352400 0.102900 0.549200
0 0.051450 0.360200 0.102900 0.647600
0 0.079050 0.698850 0.158100 0.543300
0 0.740750 0.327800 0.075700 0.287400
0 0.720200 0.281500 0.072800 0.311000
0 0.718750 0.173750 0.050700 0.091500
0 0.884500 0.424200 0.063200 0.637800
0 0.959550 0.413400 0.080900 0.685000
0 0.433800 0.437950 0.133800 0.791300
0 0.050000 0.022650 0.100000 0.045300
0 0.893400 0.285950 0.057400 0.355300
0 0.738550 0.222950 0.071300 0.071900
0 0.960300 0.238700 0.079400 0.127000
