0 0.757000 0.675250 0.486000 0.645700
0 0.193800 0.707150 0.384600 0.495100
0 0.368750 0.585600 0.183100 0.376000
0 0.552550 0.374000 0.216900 0.748000
0 0.438950 0.874000 0.227900 0.250000
0 0.585650 0.564950 0.180100 0.293300
0 0.076450 0.384850 0.152900 0.366100
0 0.068400 0.723900 0.136800 0.524600
0 0.564700 0.692850 0.225000 0.553100
0 0.951100 0.687450 0.097800 0.317900
0 0.394450 0.428150 0.025700 0.033500
0 0.273150 0.741100 0.546300 0.500000
0 0.099250 0.587600 0.198500 0.775600
0 0.618350 0.503000 0.114700 0.165400
