0 0.144100 0.487700 0.288200 0.975400
0 0.709550 0.384850 0.198500 0.769700
0 0.612150 0.408900 0.125700 0.573800
0 0.918400 0.412850 0.163200 0.542300
0 0.817650 0.418750 0.047100 0.343500
0 0.541150 0.398600 0.022100 0.084600
0 0.866550 0.406000 0.078700 0.503000
0 0.535700 0.388750 0.014000 0.066900
0 0.536400 0.370050 0.014000 0.029500
0 0.846650 0.444400 0.058100 0.386800
0 0.576150 0.406000 0.058100 0.536400
0 0.987850 0.409900 0.024300 0.485200
0 0.555100 0.404550 0.029400 0.094500
0 0.964650 0.407000 0.069100 0.540400
0 0.869850 0.222500 0.069100 0.139800
0 0.544450 0.380900 0.012500 0.023600
0 0.560250 0.396650 0.044100 0.183100
0 0.654400 0.441900 0.116200 0.535400
0 0.585250 0.210100 0.027900 0.034400
