0 0.512850 0.405550 0.228700 0.809100
0 0.689650 0.417350 0.052900 0.169300
0 0.925000 0.389800 0.104400 0.348400
0 0.743000 0.411400 0.047800 0.189000
0 0.838550 0.401100 0.080100 0.323800
0 0.769800 0.417800 0.029400 0.164400
0 0.804800 0.391250 0.056600 0.278500
0 0.037150 0.271700 0.074300 0.200800
0 0.888550 0.425200 0.046300 0.248000
0 0.036750 0.529500 0.073500 0.876000
0 0.784200 0.420300 0.027200 0.161400
0 0.871300 0.492100 0.029400 0.086600
0 0.841900 0.496550 0.063200 0.109300
0 0.888550 0.501950 0.041900 0.092500
0 0.874200 0.409450 0.038200 0.232300
0 0.882000 0.469450 0.034600 0.153500
0 0.792300 0.424200 0.034600 0.214600
0 0.766550 0.376900 0.025700 0.084600
0 0.890750 0.404050 0.080100 0.333700
0 0.797050 0.409900 0.119100 0.225400
