0 0.947050 0.424200 0.105900 0.752000
0 0.489650 0.472900 0.219100 0.247000
0 0.431950 0.621500 0.262500 0.197800
0 0.638650 0.393250 0.028700 0.095500
0 0.679850 0.521650 0.169900 0.305100
0 0.685300 0.376950 0.029400 0.078700
0 0.865400 0.535950 0.125000 0.219500
0 0.917300 0.578700 0.089000 0.248000
0 0.673900 0.383350 0.036000 0.091500
0 0.660250 0.412350 0.039700 0.053100
0 0.648200 0.423200 0.047800 0.076800
0 0.894900 0.453250 0.057400 0.054100
0 0.811400 0.547750 0.168400 0.203700
0 0.626450 0.601350 0.235300 0.143700
0 0.657700 0.445900 0.061000 0.128000
0 0.588200 0.534450 0.313200 0.269700
0 0.966200 0.583150 0.066200 0.245100
