0 0.511050 0.256350 0.097100 0.416300
0 0.588650 0.250950 0.108100 0.442900
0 0.819500 0.254900 0.061000 0.240200
0 0.679050 0.261800 0.094900 0.389800
0 0.794900 0.277600 0.120600 0.301200
0 0.723100 0.270150 0.040400 0.233300
0 0.742250 0.268200 0.033100 0.235200
0 0.639300 0.235250 0.040400 0.307100
0 0.552950 0.101350 0.026500 0.045300
0 0.803700 0.319400 0.041200 0.123000
0 0.554800 0.355350 0.034600 0.169300
0 0.634950 0.294250 0.025700 0.167300
0 0.760250 0.261350 0.064700 0.258900
0 0.726050 0.177650 0.025700 0.056100
0 0.821300 0.176150 0.045600 0.078700
0 0.743400 0.192450 0.029400 0.081700
0 0.618050 0.276100 0.066900 0.251000
0 0.590050 0.320900 0.096300 0.214600
0 0.620600 0.311050 0.032400 0.145700
0 0.716200 0.317900 0.029400 0.139800
0 0.720950 0.164800 0.016900 0.034400
0 0.853650 0.236650 0.022100 0.054100
0 0.852150 0.237150 0.023500 0.055100
0 0.372400 0.295750 0.015400 0.008900
