0 0.540850 0.381450 0.124300 0.632900
0 0.099650 0.591050 0.199300 0.418300
0 0.427950 0.509350 0.185300 0.493100
0 0.679750 0.629450 0.250700 0.428100
0 0.264000 0.440950 0.245600 0.879900
0 0.649950 0.255450 0.173500 0.469500
0 0.838600 0.473900 0.322800 0.947800
0 0.760700 0.331200 0.081600 0.398600
0 0.929400 0.395150 0.141200 0.766700
0 0.160650 0.383900 0.091900 0.624000
0 0.929450 0.112150 0.139700 0.179100
0 0.784950 0.388750 0.116900 0.543300
0 0.976850 0.410000 0.046300 0.753000
0 0.862100 0.596450 0.215400 0.379900
0 0.784950 0.205650 0.049300 0.153500
0 0.268000 0.622100 0.193400 0.252000
0 0.765850 0.226350 0.083100 0.190900
0 0.987500 0.592550 0.025000 0.242100
0 0.330150 0.519150 0.352900 0.516700
