0 0.804450 0.452800 0.160300 0.901600
0 0.473150 0.486700 0.319900 0.973400
0 0.085300 0.410400 0.117600 0.675200
0 0.922800 0.442850 0.154400 0.803100
0 0.677250 0.476400 0.214700 0.952800
0 0.039350 0.511800 0.078700 0.878000
0 0.209250 0.385850 0.228700 0.769700
0 0.270550 0.454700 0.110300 0.511800
0 0.044100 0.021650 0.088200 0.043300
0 0.441900 0.627500 0.032400 0.152600
0 0.741900 0.406050 0.095600 0.808100
0 0.603300 0.458200 0.072800 0.912400
0 0.757350 0.575750 0.101500 0.440900
0 0.598550 0.661400 0.048500 0.173200
0 0.553700 0.378500 0.161800 0.751000
0 0.644850 0.579750 0.151500 0.507900
0 0.780200 0.644650 0.061800 0.257900
