0 0.506550 0.456700 0.252900 0.913400
0 0.869100 0.458200 0.261800 0.877000
0 0.292250 0.425700 0.271300 0.851400
0 0.667300 0.351400 0.014000 0.039400
0 0.654050 0.351350 0.012500 0.043300
0 0.607400 0.365650 0.011800 0.042300
0 0.632750 0.359250 0.012500 0.041300
0 0.965450 0.545250 0.069100 0.255900
0 0.647800 0.351850 0.013200 0.044300
0 0.641600 0.356800 0.009600 0.040400
0 0.618700 0.361750 0.015400 0.044300
0 0.966200 0.349450 0.067600 0.643700
0 0.676100 0.353350 0.011000 0.031500
0 0.925000 0.348400 0.150000 0.649600
0 0.648550 0.340000 0.010300 0.022600
0 0.657300 0.355300 0.008800 0.035400
0 0.950750 0.500450 0.098500 0.430100
