0 0.675350 0.386850 0.094900 0.444900
0 0.579100 0.399100 0.164000 0.688000
0 0.935300 0.379900 0.108800 0.450800
0 0.786000 0.395150 0.063200 0.319900
0 0.420900 0.383350 0.090400 0.504900
0 0.857000 0.387800 0.086000 0.411400
0 0.754400 0.405550 0.095600 0.368100
0 0.221750 0.388800 0.144900 0.622000
0 0.965450 0.406050 0.069100 0.371100
0 0.363650 0.389750 0.203700 0.679100
0 0.818800 0.390300 0.039000 0.276600
0 0.992300 0.405000 0.015400 0.347400
0 0.818400 0.339500 0.029400 0.159400
0 0.420600 0.278050 0.063200 0.296300
0 0.884550 0.389800 0.052900 0.413400
