0 0.370900 0.401050 0.156600 0.528500
0 0.959550 0.398150 0.080900 0.331700
0 0.858850 0.424650 0.147100 0.565900
0 0.768350 0.399600 0.080900 0.348400
0 0.675050 0.444850 0.135300 0.507900
0 0.615100 0.420800 0.072800 0.351400
0 0.583400 0.410950 0.056600 0.306100
0 0.716200 0.407450 0.054400 0.295300
0 0.705500 0.274650 0.022800 0.021700
0 0.710300 0.468000 0.036800 0.164400
0 0.634150 0.263250 0.033100 0.042300
0 0.905500 0.467000 0.093400 0.199800
0 0.915400 0.374000 0.075000 0.352400
0 0.930900 0.461600 0.041200 0.173200
0 0.694900 0.457150 0.070600 0.292300
0 0.897400 0.528050 0.084600 0.083700
0 0.993400 0.394700 0.013200 0.326800
0 0.889650 0.439450 0.119100 0.357300
0 0.983100 0.396150 0.033800 0.329700
0 0.712150 0.344500 0.041900 0.161400
0 0.596700 0.278050 0.027200 0.032500
0 0.616200 0.317400 0.067600 0.150600
