0 0.902250 0.407500 0.101500 0.464600
0 0.981600 0.426200 0.036800 0.472400
0 0.344900 0.393750 0.111800 0.783500
0 0.801850 0.407500 0.178700 0.700800
0 0.538600 0.470500 0.234600 0.939000
0 0.219850 0.484250 0.351500 0.968500
0 0.418400 0.406950 0.100000 0.804100
0 0.082400 0.439500 0.161800 0.760800
0 0.750350 0.394650 0.100700 0.620100
0 0.380900 0.346950 0.083800 0.684100
0 0.106250 0.566450 0.116900 0.432100
0 0.729400 0.244050 0.063200 0.293300
0 0.420250 0.587100 0.075700 0.459600
0 0.289750 0.403550 0.185300 0.805100
0 0.062850 0.468500 0.030100 0.198800
0 0.723150 0.393700 0.053700 0.584600
0 0.458850 0.472950 0.155900 0.945900
