0 0.712550 0.423200 0.176500 0.474400
0 0.895950 0.423200 0.130100 0.472400
0 0.648500 0.421300 0.067600 0.350400
0 0.303650 0.453300 0.301500 0.902600
0 0.772750 0.425200 0.073500 0.348400
0 0.934500 0.399150 0.058800 0.343500
0 0.968750 0.392250 0.030100 0.128900
0 0.961050 0.452250 0.060300 0.256900
0 0.936400 0.444900 0.111000 0.324800
0 0.125350 0.425700 0.250700 0.715600
0 0.125750 0.441000 0.251500 0.726400
0 0.412850 0.411900 0.083100 0.363200
0 0.953000 0.378400 0.061800 0.237200
0 0.931250 0.260850 0.044900 0.045300
