0 0.586350 0.470000 0.166900 0.298200
0 0.446350 0.776600 0.277900 0.439000
0 0.685300 0.777600 0.629400 0.439000
0 0.378650 0.510850 0.147100 0.234300
0 0.227900 0.711650 0.250000 0.442900
0 0.074650 0.765250 0.149300 0.455700
0 0.869100 0.462600 0.258800 0.299200
0 0.213600 0.522700 0.214000 0.128000
0 0.054400 0.346500 0.108800 0.452800
0 0.605550 0.570350 0.149300 0.105300
0 0.381300 0.421700 0.022800 0.036400
0 0.848850 0.634850 0.300700 0.643700
0 0.079450 0.524600 0.155900 0.889800
0 0.294150 0.754450 0.535300 0.471500
0 0.265750 0.548200 0.330100 0.212600
0 0.325350 0.710650 0.516900 0.515700
0 0.676100 0.570400 0.434600 0.111200
0 0.020950 0.780050 0.041900 0.404500
0 0.690450 0.613650 0.619100 0.341500
