0 0.598850 0.635800 0.221300 0.324800
0 0.401050 0.775100 0.416900 0.449800
0 0.850400 0.544750 0.297800 0.906500
0 0.212500 0.360250 0.208800 0.720500
0 0.140050 0.602850 0.278700 0.794300
0 0.793350 0.582200 0.198500 0.501000
0 0.233500 0.648100 0.293400 0.627000
0 0.843700 0.389300 0.106600 0.123000
0 0.036050 0.420300 0.072100 0.797200
0 0.067300 0.515250 0.134600 0.593500
0 0.038250 0.180650 0.076500 0.355300
0 0.607700 0.400600 0.011000 0.009800
0 0.008450 0.035950 0.016900 0.067900
0 0.230900 0.055100 0.032400 0.039400
0 0.030150 0.288400 0.055900 0.210600
