0 0.830500 0.624500 0.339000 0.363200
0 0.254400 0.416400 0.145600 0.826800
0 0.360700 0.496050 0.347800 0.992100
0 0.568700 0.450300 0.165400 0.863200
0 0.630500 0.353900 0.136000 0.552200
0 0.152600 0.390750 0.147800 0.781500
0 0.912150 0.368600 0.175700 0.709600
0 0.827250 0.299250 0.151500 0.407500
0 0.673150 0.569400 0.180100 0.335600
0 0.681250 0.661850 0.162500 0.154500
0 0.627950 0.520650 0.089700 0.234300
0 0.512450 0.592000 0.039700 0.251000
0 0.167300 0.674250 0.115400 0.192900
0 0.010300 0.694400 0.020600 0.534400
0 0.494100 0.459700 0.367600 0.915400
0 0.304350 0.779950 0.048500 0.103300
0 0.229400 0.207200 0.042600 0.064000
0 0.785250 0.315950 0.069100 0.283500
0 0.018750 0.516250 0.037500 0.878900
