0 0.559600 0.366200 0.107400 0.702800
0 0.259900 0.426700 0.190400 0.849400
0 0.654050 0.498050 0.233100 0.996100
0 0.503650 0.392250 0.098500 0.607300
0 0.407000 0.469000 0.184600 0.938000
0 0.132700 0.484800 0.209600 0.963600
0 0.579400 0.509800 0.070600 0.423200
0 0.066900 0.499000 0.133800 0.899600
0 0.028650 0.481750 0.055900 0.953700
0 0.066500 0.706700 0.056600 0.112200
0 0.316950 0.360700 0.110300 0.699800
0 0.565100 0.128000 0.068400 0.200800
0 0.113250 0.631850 0.144100 0.553100
0 0.365100 0.339050 0.127200 0.678100
0 0.111000 0.697400 0.133800 0.227400
0 0.345950 0.480800 0.053700 0.424200
0 0.323500 0.472950 0.442600 0.945900
0 0.581200 0.667800 0.065400 0.101400
0 0.022050 0.755950 0.044100 0.444900
0 0.073100 0.661400 0.065400 0.236200
