0 0.442600 0.396100 0.158800 0.686000
0 0.812150 0.402050 0.133100 0.782500
0 0.910700 0.436550 0.164000 0.859300
0 0.225750 0.364650 0.139700 0.729300
0 0.333850 0.388800 0.119100 0.637800
0 0.604400 0.440450 0.317600 0.871100
0 0.134500 0.447800 0.267600 0.785400
0 0.557000 0.385350 0.106600 0.695900
0 0.017300 0.407000 0.034600 0.672200
0 0.545600 0.507900 0.191200 0.635800
0 0.983800 0.342550 0.032400 0.592500
0 0.036400 0.385850 0.072800 0.708700
0 0.748200 0.368600 0.059600 0.713600
0 0.092600 0.032500 0.183800 0.065000
0 0.969800 0.435000 0.058800 0.824800
0 0.559150 0.093500 0.087500 0.124000
0 0.520200 0.359200 0.106600 0.622000
