0 0.482700 0.696350 0.372800 0.593500
0 0.768050 0.603350 0.316900 0.641700
0 0.272400 0.407950 0.236000 0.815900
0 0.164700 0.395600 0.111800 0.622000
0 0.355450 0.367600 0.130100 0.650600
0 0.460700 0.482250 0.197800 0.220500
0 0.809600 0.267750 0.195600 0.356300
0 0.961400 0.322350 0.077200 0.554100
0 0.915850 0.386800 0.062500 0.285400
0 0.701500 0.220900 0.088200 0.235200
0 0.964300 0.184050 0.056600 0.153500
0 0.615850 0.510850 0.108100 0.204700
0 0.540400 0.449850 0.042600 0.057100
0 0.962150 0.147600 0.050700 0.074800
0 0.493350 0.425650 0.135300 0.107300
0 0.943800 0.402100 0.097800 0.323800
0 0.968750 0.131400 0.062500 0.152600
0 0.711050 0.142200 0.030900 0.073800
0 0.702900 0.350950 0.092600 0.508900
0 0.751100 0.225400 0.184600 0.259800
