0 0.173900 0.649600 0.347800 0.584600
0 0.672100 0.593450 0.404400 0.653500
0 0.929400 0.408000 0.141200 0.772600
0 0.306250 0.410450 0.225700 0.818900
0 0.824600 0.282000 0.181600 0.375000
0 0.463250 0.501000 0.169100 0.415400
0 0.041200 0.581750 0.082400 0.370100
0 0.146000 0.275600 0.134600 0.448800
0 0.819850 0.453300 0.152900 0.451800
0 0.567950 0.468450 0.150700 0.265700
0 0.197050 0.416800 0.235300 0.772600
0 0.706600 0.420250 0.386800 0.393700
0 0.355550 0.643250 0.119900 0.333700
0 0.013600 0.438950 0.027200 0.092500
0 0.514400 0.543300 0.314000 0.498000
