0 0.225050 0.353850 0.197100 0.703700
0 0.367700 0.412400 0.141200 0.647600
0 0.459900 0.412450 0.202200 0.708700
0 0.924250 0.419800 0.151500 0.749000
0 0.075350 0.411450 0.150700 0.683100
0 0.764350 0.459150 0.266900 0.918300
0 0.648150 0.441900 0.087500 0.624000
0 0.152950 0.484750 0.305900 0.416300
0 0.211050 0.529000 0.189700 0.276600
0 0.083800 0.419250 0.167600 0.667300
0 0.031250 0.413350 0.062500 0.694900
0 0.072400 0.424200 0.143400 0.350400
0 0.040100 0.030550 0.052200 0.033500
0 0.061350 0.526550 0.121300 0.267700
0 0.016550 0.525100 0.033100 0.274600
0 0.607000 0.402600 0.014000 0.013800
