0 0.673150 0.499050 0.412500 0.992100
0 0.886750 0.409450 0.110300 0.696900
0 0.965450 0.409000 0.069100 0.512800
0 0.218400 0.484750 0.350000 0.969500
0 0.343400 0.388300 0.104400 0.772600
0 0.083100 0.439000 0.166200 0.761800
0 0.526500 0.475900 0.263200 0.951800
0 0.412850 0.434550 0.124300 0.855300
0 0.703650 0.667850 0.047100 0.042300
0 0.384200 0.528550 0.056600 0.330700
0 0.772400 0.443450 0.181600 0.469500
0 0.405850 0.733750 0.055900 0.142700
0 0.418700 0.596400 0.086000 0.509800
0 0.864300 0.560500 0.022800 0.148600
0 0.016550 0.444850 0.033100 0.720500
0 0.893000 0.555650 0.086000 0.146700
0 0.832350 0.243600 0.035300 0.073800
0 0.359200 0.566900 0.086000 0.413400
0 0.834150 0.418300 0.075700 0.423200
0 0.561800 0.792350 0.191200 0.307100
0 0.459900 0.687450 0.043400 0.343500
0 0.277150 0.583650 0.219100 0.606300
0 0.383100 0.303650 0.125000 0.607300
