0 0.407000 0.413850 0.139000 0.256900
0 0.394100 0.580650 0.057400 0.104300
0 0.505100 0.510300 0.033800 0.111200
0 0.555500 0.517700 0.031600 0.076800
0 0.590450 0.563450 0.055900 0.081700
0 0.470250 0.526100 0.044900 0.097400
0 0.921300 0.558550 0.029400 0.071900
0 0.535700 0.562000 0.043400 0.074800
0 0.116150 0.464600 0.023500 0.061000
0 0.338200 0.528000 0.020600 0.048200
0 0.262150 0.470500 0.049300 0.039400
0 0.756250 0.577750 0.037500 0.068900
0 0.165050 0.463550 0.025700 0.031500
0 0.398500 0.537450 0.020600 0.021700
