0 0.566200 0.410950 0.095600 0.304100
0 0.665100 0.425650 0.068400 0.280500
0 0.790750 0.413850 0.046300 0.233300
0 0.623150 0.412950 0.041900 0.233300
0 0.755150 0.415400 0.098500 0.313000
0 0.711400 0.398100 0.040400 0.276600
0 0.711050 0.471500 0.026500 0.100400
0 0.736750 0.295300 0.023500 0.039400
0 0.708500 0.308100 0.034600 0.114200
0 0.547000 0.450250 0.058800 0.191900
0 0.579050 0.480350 0.053700 0.143700
0 0.777550 0.307150 0.019900 0.021700
0 0.592650 0.420250 0.047100 0.220500
0 0.773550 0.297800 0.026500 0.040400
