0 0.084200 0.486700 0.168400 0.973400
0 0.941200 0.485200 0.117600 0.876000
0 0.475350 0.371600 0.183100 0.699800
0 0.219850 0.408000 0.173500 0.814000
0 0.836800 0.396650 0.141200 0.793300
0 0.332750 0.389800 0.112500 0.651600
0 0.692250 0.474900 0.303700 0.936000
0 0.580500 0.381450 0.109600 0.684100
0 0.265850 0.376500 0.094900 0.723400
0 0.132700 0.548200 0.047800 0.285400
0 0.583100 0.581200 0.120600 0.298200
0 0.891600 0.613650 0.068400 0.256900
0 0.610300 0.686000 0.063200 0.102400
0 0.116200 0.523600 0.063200 0.399600
0 0.570550 0.333700 0.089700 0.574800
0 0.104800 0.522700 0.111000 0.590600
0 0.843350 0.170300 0.119100 0.340600
0 0.807000 0.556100 0.136000 0.462600
0 0.051100 0.022150 0.102200 0.044300
