0 0.151100 0.496550 0.302200 0.993100
0 0.957000 0.441950 0.086000 0.805100
0 0.426850 0.347500 0.128700 0.677200
0 0.261700 0.417800 0.117600 0.739200
0 0.729100 0.493100 0.209600 0.986200
0 0.332700 0.388850 0.114000 0.633900
0 0.862500 0.398150 0.154400 0.782500
0 0.524650 0.499050 0.303700 0.996100
0 0.807400 0.440400 0.150000 0.774600
0 0.441950 0.498050 0.085300 0.468500
0 0.767650 0.538450 0.064700 0.358300
0 0.645550 0.684550 0.048500 0.231300
0 0.443800 0.110200 0.089000 0.200800
0 0.402150 0.469450 0.069100 0.370100
