0 0.559200 0.488700 0.259600 0.975400
0 0.749250 0.444400 0.252900 0.888800
0 0.432350 0.550700 0.114700 0.302200
0 0.908800 0.373950 0.182400 0.679100
0 0.383150 0.453250 0.076500 0.554100
0 0.207000 0.454250 0.409600 0.908500
0 0.041200 0.419250 0.082400 0.730300
0 0.822100 0.566900 0.295600 0.460600
0 0.719450 0.574800 0.205100 0.340600
0 0.099650 0.422750 0.196300 0.780500
0 0.658850 0.575250 0.076500 0.329700
0 0.781650 0.644700 0.197100 0.200800
0 0.334550 0.454250 0.176500 0.556100
0 0.196700 0.664900 0.122800 0.365200
0 0.127950 0.629450 0.255900 0.380900
0 0.592600 0.591500 0.304400 0.498000
