0 0.113950 0.521700 0.227900 0.899600
0 0.357700 0.393700 0.136000 0.639800
0 0.429750 0.553600 0.275700 0.550200
0 0.641200 0.533950 0.283800 0.565900
0 0.809900 0.394200 0.190400 0.786400
0 0.238300 0.282950 0.182400 0.394700
0 0.712550 0.184550 0.060300 0.109300
0 0.218750 0.614650 0.244900 0.434100
0 0.510250 0.409450 0.189700 0.728300
0 0.511700 0.189400 0.192600 0.284400
0 0.656650 0.440400 0.160300 0.510800
0 0.359200 0.204750 0.134600 0.257900
0 0.988250 0.172300 0.023500 0.252000
0 0.069800 0.652050 0.042600 0.178100
0 0.669800 0.207150 0.138200 0.154500
0 0.987150 0.316400 0.025700 0.538400
0 0.817250 0.170800 0.171300 0.337600
0 0.830550 0.049700 0.058100 0.099400
0 0.644450 0.236700 0.103700 0.089600
0 0.194800 0.419750 0.263200 0.691900
0 0.469800 0.569350 0.167600 0.406500
0 0.099300 0.110200 0.104400 0.061000
0 0.863600 0.182600 0.084600 0.335600
0 0.658500 0.576250 0.109600 0.355300
0 0.070550 0.642750 0.123500 0.255900
