0 0.597450 0.647150 0.324300 0.434100
0 0.498500 0.377900 0.163200 0.659400
0 0.923150 0.536950 0.153700 0.481300
0 0.081250 0.422700 0.162500 0.697800
0 0.636400 0.319850 0.159600 0.507900
0 0.796000 0.396700 0.193400 0.775600
0 0.253350 0.479800 0.258100 0.959600
0 0.389350 0.586650 0.112500 0.417300
0 0.401450 0.376500 0.080900 0.636800
0 0.230200 0.662400 0.282400 0.334600
0 0.311750 0.603300 0.272100 0.448800
0 0.047800 0.076300 0.095600 0.134800
0 0.740750 0.393750 0.096300 0.669300
0 0.036750 0.425700 0.073500 0.688000
0 0.053300 0.157000 0.106600 0.300200
0 0.121700 0.297750 0.102200 0.441900
0 0.828350 0.533500 0.149300 0.502000
0 0.029800 0.579700 0.059600 0.340600
0 0.419900 0.543800 0.095600 0.325800
0 0.878000 0.527100 0.091200 0.501000
