0 0.524650 0.498050 0.480100 0.996100
0 0.171000 0.402550 0.247800 0.803100
0 0.326100 0.430150 0.111000 0.570900
0 0.945600 0.444900 0.108800 0.799200
0 0.253700 0.373550 0.100000 0.743100
0 0.866900 0.395150 0.129400 0.778500
0 0.730150 0.492150 0.201500 0.984300
0 0.820950 0.449350 0.141900 0.892700
0 0.337150 0.548700 0.080100 0.323800
0 0.284550 0.439450 0.048500 0.581700
0 0.283800 0.556650 0.032400 0.357300
0 0.246700 0.562050 0.097800 0.370100
0 0.393400 0.496100 0.242600 0.927200
0 0.256250 0.114150 0.094900 0.228300
0 0.500000 0.755400 0.045600 0.325800
