0 0.425350 0.465050 0.221300 0.930100
0 0.759250 0.628000 0.328700 0.590600
0 0.608850 0.584700 0.148500 0.315000
0 0.855900 0.308550 0.133800 0.430100
0 0.920950 0.314450 0.158100 0.506900
0 0.236400 0.411950 0.184600 0.821900
0 0.302600 0.490600 0.090400 0.522600
0 0.535700 0.381400 0.068400 0.534400
0 0.072800 0.399600 0.145600 0.659400
0 0.704050 0.339600 0.278700 0.226400
0 0.700400 0.492150 0.286000 0.541300
0 0.703250 0.347500 0.280100 0.240200
0 0.510250 0.368550 0.114700 0.680100
0 0.431300 0.589050 0.243400 0.420300
0 0.447850 0.614200 0.205900 0.315000
0 0.524300 0.591500 0.070600 0.259800
0 0.322050 0.397650 0.152900 0.795300
