0 0.920600 0.402550 0.158800 0.730300
0 0.638200 0.453250 0.300000 0.906500
0 0.862850 0.512850 0.221300 0.570900
0 0.079050 0.494150 0.158100 0.984300
0 0.166150 0.425250 0.177900 0.844500
0 0.408100 0.452750 0.279400 0.905500
0 0.834250 0.269200 0.124300 0.384800
0 0.455500 0.441950 0.197800 0.529500
0 0.601500 0.617150 0.238200 0.267700
0 0.518350 0.433100 0.076500 0.525600
0 0.384600 0.603850 0.050000 0.256900
0 0.441200 0.590050 0.166200 0.278500
0 0.740100 0.509850 0.514000 0.592500
0 0.172400 0.600450 0.189000 0.358300
