0 0.777200 0.441450 0.232400 0.880900
0 0.506600 0.461600 0.316200 0.923200
0 0.679400 0.573750 0.167600 0.328700
0 0.913200 0.318400 0.120600 0.449800
0 0.634550 0.369650 0.073500 0.371100
0 0.266500 0.414900 0.172800 0.827800
0 0.941550 0.433550 0.116900 0.766700
0 0.040800 0.413850 0.081600 0.642700
0 0.895200 0.603350 0.164000 0.433100
0 0.472100 0.566450 0.211800 0.306100
0 0.586050 0.407500 0.176500 0.413400
0 0.117300 0.437500 0.234600 0.865200
0 0.573550 0.580700 0.380900 0.340600
0 0.320600 0.152600 0.063200 0.074800
0 0.393350 0.560550 0.052900 0.292300
0 0.973150 0.319400 0.053700 0.538400
0 0.040800 0.660950 0.081600 0.156500
