0 0.579400 0.417850 0.117600 0.434100
0 0.659600 0.397600 0.100000 0.423200
0 0.919150 0.405950 0.097100 0.317900
0 0.716900 0.407050 0.063200 0.270700
0 0.819150 0.413400 0.126500 0.411400
0 0.770200 0.404500 0.039000 0.189000
0 0.877200 0.395200 0.038200 0.274600
0 0.532400 0.437500 0.032400 0.134800
0 0.875400 0.295250 0.031600 0.078700
0 0.761750 0.347950 0.023500 0.071900
0 0.777150 0.453250 0.023500 0.093500
0 0.790050 0.408900 0.083100 0.260800
0 0.526500 0.394700 0.011800 0.051200
0 0.552950 0.439900 0.069100 0.135800
0 0.530900 0.472450 0.029400 0.066900
