0 0.791200 0.410950 0.125000 0.455700
0 0.293750 0.467450 0.225700 0.478300
0 0.918000 0.549150 0.164000 0.316900
0 0.698950 0.549650 0.244900 0.278500
0 0.596700 0.380850 0.193400 0.366100
0 0.476850 0.315500 0.149300 0.402600
0 0.490100 0.616200 0.236000 0.263800
0 0.633800 0.396600 0.025000 0.086600
0 0.934950 0.375550 0.130100 0.146700
0 0.679450 0.369050 0.026500 0.053100
0 0.683800 0.382900 0.038200 0.074800
0 0.935650 0.441400 0.128700 0.347400
0 0.694100 0.403500 0.063200 0.072800
0 0.957350 0.334100 0.085300 0.174200
0 0.989700 0.343050 0.020600 0.195900
0 0.624200 0.394150 0.042600 0.168300
