0 0.636000 0.637800 0.283800 0.462600
0 0.487100 0.401050 0.168400 0.693900
0 0.637100 0.407000 0.152200 0.274600
0 0.270250 0.481800 0.303700 0.963600
0 0.069850 0.405050 0.139700 0.729300
0 0.791150 0.396650 0.230900 0.793300
0 0.826500 0.558550 0.233800 0.430100
0 0.952550 0.597950 0.094900 0.304100
0 0.422450 0.366600 0.050700 0.650600
0 0.240500 0.651050 0.316200 0.390700
0 0.423950 0.545750 0.044900 0.304100
0 0.112450 0.379950 0.069100 0.716500
0 0.735300 0.416850 0.050000 0.095500
0 0.902900 0.544750 0.079400 0.406500
0 0.183800 0.407500 0.038200 0.175200
0 0.425350 0.113150 0.046300 0.120100
0 0.990050 0.326250 0.019900 0.270700
0 0.801500 0.471900 0.186800 0.223400
0 0.392300 0.768700 0.034600 0.047200
0 0.952200 0.507850 0.095600 0.169300
0 0.113600 0.917800 0.227200 0.162400
0 0.115400 0.174200 0.042600 0.189000
0 0.643400 0.556050 0.145600 0.529500
