0 0.685250 0.368100 0.135300 0.622000
0 0.521350 0.400650 0.119100 0.545300
0 0.587450 0.408500 0.069100 0.415400
0 0.331950 0.372100 0.146300 0.565000
0 0.813650 0.405550 0.083100 0.332700
0 0.983450 0.403550 0.033100 0.283500
0 0.913900 0.393750 0.092600 0.356300
0 0.858100 0.402050 0.054400 0.317900
0 0.747100 0.427650 0.066200 0.394700
0 0.957750 0.409900 0.033100 0.284400
0 0.769850 0.404100 0.044100 0.339600
0 0.632400 0.420250 0.045600 0.265700
0 0.779750 0.278050 0.030100 0.046300
0 0.888550 0.272650 0.016900 0.033500
0 0.881200 0.395700 0.036000 0.311000
0 0.941950 0.403050 0.060300 0.315900
0 0.759600 0.261350 0.020600 0.054100
0 0.880450 0.473450 0.025700 0.143700
0 0.884600 0.282000 0.025000 0.052200
0 0.779400 0.358250 0.033800 0.228300
0 0.616550 0.358250 0.021300 0.118100
0 0.621300 0.376450 0.032400 0.258900
0 0.882650 0.330700 0.030100 0.149600
