0 0.640800 0.628000 0.718400 0.740200
0 0.074650 0.751000 0.149300 0.486200
0 0.507350 0.628900 0.201500 0.175200
0 0.374600 0.549150 0.114000 0.253900
0 0.206600 0.709700 0.232400 0.439000
0 0.164300 0.472900 0.143400 0.127000
0 0.662900 0.568950 0.089000 0.108300
0 0.498900 0.756850 0.431600 0.468500
0 0.159900 0.552200 0.152200 0.287400
0 0.659200 0.595000 0.584600 0.384800
0 0.400000 0.829200 0.238200 0.339600
0 0.607750 0.400600 0.012500 0.009800
0 0.508100 0.689450 0.258800 0.333700
0 0.555500 0.620050 0.434600 0.192900
0 0.662500 0.589600 0.245600 0.210600
0 0.143750 0.654050 0.208100 0.420300
0 0.061000 0.544300 0.108800 0.088600
