0 0.911050 0.575300 0.177900 0.286400
0 0.676850 0.560000 0.196300 0.236200
0 0.424300 0.405950 0.154400 0.579700
0 0.689700 0.276600 0.133800 0.387800
0 0.523200 0.438000 0.093400 0.385800
0 0.236800 0.365200 0.170600 0.614200
0 0.310350 0.498550 0.105900 0.243100
0 0.045950 0.364200 0.091900 0.665400
0 0.375300 0.373050 0.090400 0.529500
0 0.485300 0.490600 0.054400 0.272600
0 0.347450 0.509300 0.044900 0.162400
0 0.443400 0.516750 0.129400 0.318900
0 0.958100 0.565950 0.083800 0.269700
0 0.346650 0.573800 0.021300 0.025600
