0 0.829800 0.446350 0.152200 0.890700
0 0.477200 0.368650 0.179400 0.707700
0 0.938600 0.432600 0.122800 0.772600
0 0.582350 0.413900 0.126500 0.611200
0 0.193800 0.406500 0.234600 0.813000
0 0.059950 0.381900 0.119900 0.759800
0 0.323150 0.408400 0.128700 0.647600
0 0.686400 0.498050 0.281600 0.996100
0 0.890450 0.573850 0.080900 0.421300
0 0.895650 0.414400 0.101500 0.775600
0 0.278650 0.365100 0.076500 0.722400
0 0.019850 0.759350 0.039700 0.416300
0 0.271750 0.376000 0.178700 0.752000
0 0.029400 0.022150 0.058800 0.044300
0 0.019100 0.880900 0.038200 0.177200
0 0.881650 0.031500 0.055900 0.063000
