0 0.726100 0.595900 0.386000 0.660400
0 0.231250 0.405500 0.183100 0.811000
0 0.112200 0.387300 0.159600 0.627000
0 0.943750 0.427700 0.112500 0.751000
0 0.409550 0.482300 0.297100 0.962600
0 0.488950 0.544750 0.135300 0.241100
0 0.788250 0.263850 0.235300 0.346500
0 0.598900 0.570900 0.147800 0.287400
0 0.714000 0.170800 0.045600 0.115200
0 0.299950 0.461550 0.048500 0.478300
0 0.705900 0.275150 0.083800 0.331700
0 0.709600 0.202800 0.066200 0.177200
0 0.619150 0.446800 0.035300 0.037400
0 0.258100 0.460650 0.125000 0.470500
0 0.897450 0.539400 0.049300 0.173200
0 0.537850 0.538850 0.037500 0.219500
0 0.608100 0.473400 0.113200 0.090600
0 0.601100 0.546750 0.143400 0.243100
