0 0.819150 0.402050 0.073500 0.268700
0 0.706200 0.396650 0.056600 0.218500
0 0.747050 0.404500 0.052900 0.222400
0 0.947450 0.406500 0.087500 0.289400
0 0.547750 0.417350 0.135300 0.480300
0 0.892250 0.393200 0.049300 0.235200
0 0.855150 0.395650 0.051500 0.234300
0 0.871700 0.398650 0.027200 0.220500
0 0.620900 0.399600 0.036000 0.102400
0 0.841500 0.373050 0.036000 0.208700
0 0.866550 0.356350 0.028700 0.120100
0 0.620900 0.401100 0.036000 0.099400
0 0.919450 0.389800 0.041900 0.240200
0 0.835250 0.288900 0.023500 0.050200
0 0.927200 0.291850 0.020600 0.056100
0 0.860650 0.332700 0.030100 0.074800
