0 0.854800 0.453750 0.236000 0.903500
0 0.542300 0.476350 0.359600 0.933100
0 0.355900 0.452750 0.220600 0.905500
0 0.141200 0.495100 0.282400 0.990200
0 0.730550 0.401550 0.103700 0.608300
0 0.952200 0.411450 0.057400 0.293300
0 0.316600 0.498050 0.064000 0.456700
0 0.143000 0.635350 0.068400 0.282500
0 0.681250 0.418850 0.103700 0.621100
0 0.319500 0.465050 0.115400 0.745100
0 0.699300 0.505900 0.036800 0.165400
0 0.204800 0.411900 0.202200 0.601400
0 0.697850 0.474450 0.047100 0.421300
0 0.661750 0.498050 0.255900 0.942900
0 0.096000 0.639250 0.177200 0.343500
