0 0.163950 0.634350 0.327900 0.621100
0 0.753300 0.596900 0.302200 0.648600
0 0.325000 0.411950 0.254400 0.821900
0 0.415100 0.505450 0.240400 0.420300
0 0.633100 0.539900 0.138200 0.264800
0 0.927550 0.491650 0.144900 0.904500
0 0.069850 0.398650 0.139700 0.692900
0 0.174950 0.314000 0.127900 0.622000
0 0.823550 0.243100 0.177900 0.322800
0 0.822450 0.435600 0.178700 0.715600
0 0.045550 0.022150 0.089700 0.044300
0 0.893000 0.082200 0.064000 0.115200
0 0.893000 0.081700 0.064000 0.114200
0 0.180850 0.184050 0.094100 0.366100
0 0.240100 0.317900 0.189000 0.635800
0 0.195950 0.407950 0.353700 0.815900
