0 0.479400 0.445850 0.288200 0.891700
0 0.628250 0.425200 0.155100 0.789400
0 0.057350 0.379950 0.114700 0.708700
0 0.887450 0.454700 0.169100 0.889800
0 0.333800 0.395200 0.133800 0.636800
0 0.214300 0.568400 0.240400 0.538400
0 0.736400 0.374500 0.118400 0.739200
0 0.793050 0.399100 0.158100 0.764800
0 0.211050 0.338600 0.210300 0.677200
0 0.110650 0.377500 0.066900 0.601400
0 0.314300 0.191450 0.093400 0.231300
0 0.966900 0.442950 0.066200 0.795300
0 0.040050 0.023600 0.080100 0.047200
0 0.380100 0.402550 0.100000 0.655500
0 0.754050 0.114700 0.087500 0.223400
0 0.830100 0.031000 0.075000 0.062000
