0 0.827950 0.396200 0.152900 0.786400
0 0.657750 0.437550 0.233100 0.871100
0 0.359200 0.388800 0.111000 0.628000
0 0.917650 0.439950 0.164700 0.844500
0 0.175000 0.364700 0.132400 0.727400
0 0.528350 0.363250 0.108100 0.696900
0 0.438250 0.397200 0.123500 0.664400
0 0.059200 0.388750 0.118400 0.706700
0 0.525400 0.119550 0.089000 0.128900
0 0.590450 0.413900 0.114700 0.812000
0 0.283850 0.409950 0.219100 0.796300
0 0.043400 0.021150 0.086800 0.042300
0 0.363950 0.156450 0.097100 0.153500
0 0.777950 0.096500 0.044100 0.137800
0 0.887150 0.420250 0.074300 0.692900
0 0.558800 0.107800 0.116200 0.188000
0 0.891500 0.498000 0.040400 0.389800
0 0.173850 0.126500 0.130100 0.253000
0 0.427950 0.140750 0.101500 0.171300
0 0.776150 0.043300 0.044900 0.086600
0 0.373500 0.160000 0.025000 0.052200
0 0.495650 0.341050 0.101500 0.567900
0 0.395950 0.393650 0.269900 0.704700
