0 0.882700 0.445400 0.234600 0.888800
0 0.514350 0.428650 0.162500 0.857300
0 0.659150 0.351850 0.012500 0.042300
0 0.648100 0.351850 0.011000 0.046300
0 0.619850 0.360750 0.014700 0.046300
0 0.607000 0.364650 0.015400 0.042300
0 0.631950 0.359250 0.012500 0.041300
0 0.642600 0.354350 0.017600 0.045300
0 0.597100 0.365700 0.011800 0.038400
0 0.596300 0.364700 0.011800 0.040400
0 0.604750 0.364150 0.021300 0.043300
0 0.628300 0.359750 0.027200 0.044300
0 0.619450 0.349900 0.012500 0.022600
0 0.632000 0.348950 0.009600 0.020700
