0 0.483050 0.414800 0.248500 0.772600
0 0.888250 0.446900 0.202900 0.878000
0 0.380100 0.430050 0.113200 0.253900
0 0.678650 0.567400 0.210300 0.272600
0 0.734550 0.540850 0.139700 0.233300
0 0.896300 0.565950 0.204400 0.234300
0 0.397850 0.621050 0.222100 0.190900
0 0.948550 0.617550 0.102900 0.203700
0 0.892650 0.560500 0.201500 0.235200
0 0.914350 0.495600 0.171300 0.510800
0 0.816600 0.546750 0.034600 0.182100
0 0.969100 0.554650 0.061800 0.292300
0 0.450000 0.418800 0.258800 0.384800
0 0.951100 0.448300 0.097800 0.837600
0 0.901850 0.606300 0.196300 0.236200
0 0.975350 0.575350 0.049300 0.146700
0 0.441200 0.492600 0.029400 0.075800
0 0.607300 0.611650 0.117600 0.178100
0 0.460650 0.581200 0.294900 0.251000
0 0.980150 0.487700 0.039700 0.290400
0 0.834550 0.551200 0.080900 0.187000
0 0.951850 0.633400 0.096300 0.188000
