0 0.400050 0.421300 0.222100 0.838600
0 0.184500 0.457700 0.233800 0.911400
0 0.554750 0.494600 0.283100 0.989200
0 0.756650 0.480350 0.201500 0.954700
0 0.978700 0.370600 0.042600 0.648600
0 0.062500 0.416350 0.125000 0.832700
0 0.839350 0.480850 0.196300 0.932100
0 0.833050 0.173200 0.130900 0.311000
0 0.888250 0.414400 0.098500 0.198800
0 0.688600 0.567900 0.618400 0.801200
0 0.884250 0.472950 0.103700 0.469500
0 0.808450 0.055600 0.075700 0.060000
0 0.804050 0.555150 0.271300 0.732300
0 0.776850 0.191000 0.250700 0.376000
0 0.876050 0.315450 0.150700 0.583700
