0 0.612350 0.296900 0.187500 0.593800
0 0.311500 0.282550 0.209000 0.565100
0 0.778750 0.214850 0.010700 0.039100
0 0.735300 0.225900 0.015600 0.048200
0 0.748500 0.225250 0.014600 0.044300
0 0.764700 0.214850 0.017600 0.046900
0 0.713350 0.234350 0.020500 0.046900
0 0.715300 0.231750 0.024400 0.052100
0 0.761200 0.214850 0.014600 0.049500
0 0.773900 0.214850 0.016600 0.041700
0 0.721650 0.231100 0.019500 0.048200
0 0.722150 0.225900 0.020500 0.050800
0 0.779750 0.255200 0.012700 0.010400
0 0.768550 0.218100 0.013700 0.037800
0 0.880350 0.238300 0.010700 0.010400
0 0.753400 0.216800 0.018600 0.045600
