0 0.223850 0.489150 0.355100 0.978300
0 0.901450 0.496050 0.197100 0.966500
0 0.804450 0.409900 0.130900 0.686000
0 0.737150 0.393200 0.125700 0.601400
0 0.545250 0.478850 0.299300 0.957700
0 0.024250 0.484300 0.048500 0.813000
0 0.454400 0.440450 0.104400 0.880900
0 0.368450 0.391750 0.097100 0.765700
0 0.414650 0.423250 0.069100 0.559100
0 0.782000 0.176150 0.027200 0.066900
0 0.335650 0.494600 0.149300 0.512800
0 0.390450 0.505400 0.080900 0.422200
0 0.298500 0.622550 0.158800 0.506900
0 0.769800 0.244100 0.058800 0.202800
