0 0.836000 0.380400 0.191200 0.660400
0 0.688950 0.428150 0.122100 0.356300
0 0.568700 0.400100 0.031600 0.099400
0 0.738600 0.412400 0.040400 0.261800
0 0.603650 0.400150 0.027900 0.095500
0 0.883850 0.427100 0.105900 0.334600
0 0.933850 0.410400 0.052900 0.301200
0 0.636400 0.413850 0.040400 0.119100
0 0.624250 0.409000 0.026500 0.099400
0 0.762450 0.521650 0.052900 0.232300
0 0.626100 0.377950 0.022800 0.055100
0 0.837100 0.505900 0.018400 0.100400
0 0.862100 0.520150 0.068400 0.142700
0 0.819150 0.441000 0.172100 0.326800
0 0.646700 0.423250 0.031600 0.190900
0 0.759200 0.461100 0.081600 0.363200
