0 0.075000 0.487200 0.150000 0.974400
0 0.470200 0.368550 0.184600 0.703700
0 0.218000 0.405500 0.211000 0.811000
0 0.664400 0.496100 0.409600 0.976400
0 0.917300 0.431650 0.086000 0.609300
0 0.333800 0.387850 0.107400 0.657500
0 0.277900 0.374500 0.113200 0.749000
0 0.838950 0.391250 0.144100 0.782500
0 0.604350 0.372550 0.102900 0.703700
0 0.601100 0.551150 0.131600 0.356300
0 0.928250 0.606850 0.100700 0.258900
0 0.601800 0.201800 0.086000 0.364200
0 0.968400 0.441950 0.063200 0.816900
0 0.559150 0.560500 0.075700 0.239200
0 0.133450 0.544750 0.050700 0.304100
0 0.745250 0.624500 0.312500 0.564000
0 0.843800 0.174700 0.109600 0.349400
0 0.973550 0.646150 0.052900 0.345500
0 0.863600 0.635850 0.036000 0.230300
0 0.114000 0.484200 0.104400 0.647600
0 0.833850 0.649650 0.094100 0.269700
0 0.821300 0.594950 0.150000 0.528500
0 0.128650 0.342050 0.064700 0.684100
0 0.547450 0.365650 0.169900 0.695900
0 0.710300 0.704250 0.229400 0.341500
0 0.819450 0.048700 0.062500 0.097400
0 0.920250 0.220450 0.075700 0.196900
0 0.038250 0.020200 0.076500 0.040400
0 0.269500 0.124000 0.081600 0.248000
0 0.894150 0.616100 0.085300 0.259800
