0 0.566550 0.463150 0.203700 0.920300
0 0.295650 0.448850 0.272100 0.895700
0 0.487450 0.410450 0.123500 0.805100
0 0.108100 0.425650 0.216200 0.804100
0 0.650050 0.378450 0.130900 0.756900
0 0.791200 0.480300 0.416200 0.939000
0 0.962500 0.345450 0.075000 0.594500
0 0.669450 0.550700 0.096300 0.386800
0 0.375350 0.451750 0.137500 0.769700
0 0.448550 0.586650 0.048500 0.267700
0 0.049250 0.401550 0.098500 0.803100
0 0.585300 0.577750 0.213200 0.342500
0 0.350350 0.694400 0.105100 0.412400
0 0.422400 0.398650 0.122800 0.767700
0 0.299250 0.673200 0.219100 0.474400
0 0.451050 0.139250 0.030100 0.071900
0 0.645200 0.526550 0.209600 0.478300
