0 0.906250 0.551700 0.187500 0.337600
0 0.583800 0.410450 0.141200 0.482300
0 0.474250 0.401550 0.144100 0.566900
0 0.680500 0.527600 0.184600 0.301200
0 0.283100 0.370050 0.145600 0.543300
0 0.698850 0.355800 0.121300 0.327800
0 0.331600 0.509300 0.132400 0.223400
0 0.631650 0.382850 0.048500 0.232300
0 0.436800 0.379450 0.066200 0.520700
0 0.421700 0.486750 0.064000 0.282500
0 0.302250 0.554600 0.122100 0.152600
0 0.619450 0.451300 0.078700 0.349400
0 0.359200 0.548200 0.097800 0.135800
0 0.462500 0.492150 0.141200 0.267700
0 0.462850 0.146150 0.055100 0.056100
0 0.416550 0.555550 0.066900 0.140700
