0 0.615850 0.249000 0.124300 0.464600
0 0.737900 0.267750 0.068400 0.330700
0 0.678700 0.262800 0.086800 0.372000
0 0.789350 0.258850 0.087500 0.370100
0 0.635700 0.138750 0.031600 0.094500
0 0.642650 0.219500 0.044100 0.273600
0 0.632750 0.116650 0.025700 0.056100
0 0.742700 0.130400 0.057400 0.062000
0 0.639700 0.187950 0.029400 0.179100
0 0.759150 0.133300 0.025700 0.060000
0 0.666950 0.117100 0.026500 0.065000
0 0.761350 0.146150 0.021300 0.030500
0 0.804050 0.317400 0.050700 0.249000
0 0.648500 0.256350 0.070600 0.404500
