0 0.377150 0.518700 0.269100 0.622000
0 0.596350 0.470000 0.310300 0.936000
0 0.336050 0.317950 0.189700 0.543300
0 0.799250 0.639250 0.252900 0.571900
0 0.879350 0.445350 0.173500 0.682100
0 0.968000 0.417750 0.064000 0.741100
0 0.770200 0.253000 0.097800 0.275600
0 0.350700 0.090500 0.088200 0.124000
0 0.864350 0.286450 0.158100 0.356300
0 0.341150 0.169850 0.176500 0.221500
0 0.787850 0.445850 0.194900 0.692900
0 0.726400 0.501500 0.367600 0.898600
0 0.966900 0.213600 0.066200 0.334600
0 0.723900 0.312500 0.047800 0.113200
