0 0.681650 0.788350 0.635300 0.419300
0 0.192250 0.706700 0.316900 0.439000
0 0.575400 0.348850 0.214000 0.640700
0 0.073150 0.770150 0.146300 0.441900
0 0.375000 0.508400 0.170600 0.225400
0 0.400050 0.782550 0.160300 0.421300
0 0.884200 0.471950 0.231600 0.321900
0 0.188550 0.309050 0.166900 0.521700
0 0.072050 0.401100 0.144100 0.398600
0 0.737500 0.567950 0.275000 0.143700
0 0.568000 0.493100 0.190400 0.189000
0 0.569100 0.479800 0.191200 0.162400
0 0.528700 0.542850 0.111800 0.258900
0 0.797800 0.620050 0.400000 0.242100
0 0.632350 0.463100 0.064700 0.123000
0 0.505100 0.806100 0.304400 0.387800
0 0.941200 0.525050 0.117600 0.203700
0 0.677900 0.609200 0.604400 0.372000
