0 0.740100 0.404000 0.156600 0.788400
0 0.054050 0.499550 0.108100 0.945900
0 0.636750 0.383850 0.089700 0.641700
0 0.555150 0.405000 0.172100 0.790400
0 0.304750 0.481850 0.353700 0.957700
0 0.157000 0.457650 0.118400 0.478300
0 0.451100 0.360750 0.065400 0.644700
0 0.389350 0.456150 0.175700 0.855300
0 0.297800 0.582650 0.054400 0.293300
0 0.245950 0.552150 0.112500 0.293300
0 0.209950 0.469000 0.205100 0.577800
0 0.273950 0.551200 0.258100 0.490200
0 0.990050 0.258350 0.019900 0.256900
0 0.988950 0.391800 0.022100 0.490200
