0 0.679450 0.645200 0.339700 0.548200
0 0.359150 0.414350 0.230100 0.828700
0 0.794100 0.529000 0.341200 0.638800
0 0.230550 0.652550 0.458100 0.620100
0 0.437500 0.515300 0.191200 0.414400
0 0.928700 0.405550 0.142600 0.769700
0 0.194050 0.369600 0.177900 0.737200
0 0.818050 0.168350 0.162500 0.171300
0 0.109900 0.280050 0.156600 0.408500
0 0.817700 0.345450 0.157400 0.555100
0 0.910700 0.609250 0.059600 0.169300
0 0.371000 0.539900 0.422800 0.499000
0 0.447450 0.169800 0.046300 0.062000
0 0.909600 0.650600 0.057400 0.076800
0 0.940100 0.655450 0.118400 0.291300
0 0.138550 0.197400 0.105100 0.388800
