0 0.585650 0.463600 0.183100 0.923200
0 0.311750 0.472950 0.260300 0.928100
0 0.457700 0.411900 0.140400 0.823800
0 0.099650 0.419800 0.199300 0.839600
0 0.651850 0.380450 0.125700 0.758900
0 0.795600 0.500550 0.408800 0.995100
0 0.204050 0.370100 0.078700 0.736200
0 0.211050 0.207200 0.055900 0.412400
0 0.979400 0.328200 0.041200 0.524600
0 0.212850 0.056100 0.058100 0.110200
0 0.684900 0.551150 0.072800 0.417300
0 0.409550 0.416800 0.105900 0.802200
0 0.426450 0.586150 0.130900 0.392700
0 0.019850 0.417350 0.039700 0.830700
0 0.029050 0.024600 0.058100 0.049200
0 0.938600 0.507850 0.122800 0.954700
0 0.512850 0.607750 0.037500 0.258900
0 0.071350 0.022150 0.139700 0.044300
0 0.241150 0.388850 0.126500 0.771700
0 0.486050 0.594950 0.097100 0.266700
0 0.984200 0.440000 0.031600 0.299200
