0 0.161350 0.561500 0.321300 0.674200
0 0.472800 0.615700 0.191200 0.253000
0 0.749600 0.582650 0.456600 0.692900
0 0.271650 0.384850 0.283100 0.769700
0 0.955900 0.418800 0.088200 0.747000
0 0.827600 0.175200 0.152200 0.198800
0 0.593400 0.443450 0.179400 0.319900
0 0.849250 0.377450 0.226500 0.605300
0 0.788650 0.264300 0.069900 0.060000
0 0.911000 0.619100 0.083800 0.163400
0 0.798150 0.555100 0.196300 0.661400
0 0.829400 0.599900 0.283800 0.573800
0 0.240450 0.190000 0.214700 0.378000
0 0.929800 0.600850 0.106600 0.254900
0 0.279750 0.518250 0.166900 0.609300
0 0.224700 0.318950 0.234600 0.620100
0 0.820150 0.657450 0.255100 0.267700
0 0.837100 0.689500 0.286000 0.314000
0 0.676800 0.441400 0.347800 0.375000
0 0.926800 0.754900 0.115400 0.114200
