0 0.291550 0.443900 0.250700 0.887800
0 0.812850 0.692900 0.374300 0.610200
0 0.131600 0.367600 0.225000 0.727400
0 0.465400 0.657450 0.379400 0.657500
0 0.558050 0.234750 0.205900 0.469500
0 0.818000 0.255450 0.361000 0.508900
0 0.068750 0.689500 0.137500 0.599400
0 0.484150 0.135850 0.066900 0.082700
0 0.483800 0.217950 0.066200 0.241100
0 0.689700 0.522700 0.136800 0.464600
0 0.692250 0.269200 0.121300 0.447800
0 0.986400 0.292300 0.027200 0.452800
0 0.692250 0.391750 0.130100 0.208700
0 0.032700 0.498050 0.065400 0.919300
0 0.030500 0.253900 0.061000 0.376000
0 0.677250 0.121050 0.051500 0.145700
0 0.561800 0.507900 0.207400 0.976400
0 0.684550 0.090050 0.035300 0.083700
0 0.990450 0.403100 0.019100 0.412400
