0 0.492300 0.450800 0.143400 0.702800
0 0.592300 0.457200 0.193400 0.910400
0 0.796300 0.501000 0.404400 0.998000
0 0.097450 0.446850 0.194900 0.779500
0 0.292250 0.448850 0.250700 0.891700
0 0.965050 0.468050 0.069900 0.845500
0 0.385250 0.471500 0.139700 0.838600
0 0.209950 0.370050 0.069900 0.728300
0 0.680150 0.566450 0.064700 0.396700
0 0.963650 0.473450 0.069900 0.342500
0 0.207700 0.205250 0.056600 0.406500
0 0.606950 0.566450 0.216900 0.359300
0 0.208800 0.065950 0.054400 0.131900
0 0.655900 0.437000 0.117600 0.836600
0 0.216900 0.445850 0.142600 0.883900
0 0.449300 0.456750 0.307400 0.870100
0 0.977200 0.331650 0.045600 0.568900
0 0.067650 0.021650 0.135300 0.043300
0 0.986400 0.094450 0.027200 0.094500
0 0.447800 0.409000 0.120600 0.625000
