0 0.583450 0.443350 0.299300 0.878900
0 0.144100 0.418300 0.188200 0.797200
0 0.407700 0.379400 0.122800 0.751000
0 0.789350 0.491650 0.421300 0.957700
0 0.263300 0.467500 0.286800 0.925200
0 0.637900 0.350850 0.159600 0.693900
0 0.058450 0.394200 0.116900 0.788400
0 0.458850 0.438500 0.135300 0.540400
0 0.655550 0.512800 0.112500 0.324800
0 0.620200 0.542300 0.047800 0.248000
0 0.690400 0.494550 0.308800 0.691900
0 0.634500 0.575750 0.192600 0.444900
0 0.244100 0.623500 0.058800 0.197800
0 0.392250 0.073800 0.050700 0.147600
0 0.034950 0.023150 0.069900 0.046300
0 0.490450 0.508800 0.076500 0.385800
0 0.985300 0.222500 0.029400 0.214600
0 0.525700 0.492150 0.600000 0.984300
0 0.188200 0.518150 0.167600 0.565900
0 0.953700 0.342500 0.091200 0.348400
0 0.239000 0.536950 0.063200 0.457700
0 0.615050 0.571850 0.074300 0.555100
0 0.025000 0.405000 0.050000 0.772600
