0 0.505850 0.470500 0.277900 0.939000
0 0.737900 0.409000 0.168400 0.676200
0 0.975000 0.423750 0.050000 0.467500
0 0.098150 0.430600 0.162500 0.861200
0 0.348950 0.379900 0.103700 0.759800
0 0.658850 0.400550 0.094100 0.655500
0 0.261400 0.468950 0.261000 0.930100
0 0.037500 0.425700 0.075000 0.812000
0 0.811400 0.405050 0.077200 0.504900
0 0.389750 0.359200 0.101500 0.710600
0 0.788950 0.183550 0.026500 0.054100
0 0.770950 0.136800 0.053700 0.088600
0 0.781300 0.432100 0.097800 0.509800
0 0.813950 0.270150 0.073500 0.229300
0 0.128000 0.512300 0.091200 0.676200
0 0.410700 0.598950 0.059600 0.408500
0 0.390050 0.518200 0.074300 0.497000
0 0.826850 0.323300 0.046300 0.225400
