0 0.441600 0.397650 0.189000 0.519700
0 0.683500 0.400600 0.034600 0.112200
0 0.712900 0.397150 0.036000 0.119100
0 0.643050 0.398650 0.037500 0.120100
0 0.604400 0.393650 0.017600 0.080700
0 0.570200 0.397600 0.018400 0.074800
0 0.588200 0.392700 0.025000 0.090600
0 0.621300 0.393750 0.020600 0.094500
0 0.629800 0.391200 0.022800 0.099400
0 0.606600 0.393200 0.041200 0.097400
0 0.633100 0.349850 0.011800 0.016700
0 0.618700 0.369550 0.015400 0.044300
0 0.632350 0.370050 0.019100 0.057100
0 0.620550 0.413400 0.014700 0.049200
0 0.604000 0.373550 0.015400 0.030500
0 0.694100 0.363700 0.013200 0.034400
0 0.632750 0.420750 0.016900 0.067900
