0 0.371700 0.445850 0.297800 0.891700
0 0.184950 0.383850 0.158100 0.767700
0 0.825050 0.318450 0.110300 0.581700
0 0.756600 0.370600 0.107400 0.436000
0 0.896300 0.493100 0.207400 0.899600
0 0.644850 0.256850 0.155900 0.379900
0 0.041550 0.447350 0.083100 0.880900
0 0.509200 0.280000 0.136000 0.459600
0 0.725400 0.583150 0.539000 0.483300
0 0.392700 0.545300 0.220600 0.385800
0 0.456600 0.539850 0.086800 0.369100
0 0.705500 0.399050 0.022800 0.103300
0 0.839350 0.471000 0.053700 0.260800
0 0.741550 0.428650 0.266900 0.609300
0 0.617650 0.445400 0.255900 0.749000
0 0.970200 0.752450 0.059600 0.357300
0 0.970950 0.496550 0.058100 0.894700
0 0.875400 0.688950 0.247800 0.242100
0 0.818750 0.492150 0.099300 0.328700
0 0.809950 0.481250 0.146300 0.543300
0 0.969100 0.723900 0.061800 0.152600
0 0.531600 0.200800 0.091200 0.301200
0 0.477950 0.427700 0.097100 0.662400
0 0.470550 0.446350 0.055900 0.182100
