0 0.630150 0.402500 0.123500 0.472400
0 0.546750 0.408000 0.044900 0.087600
0 0.773200 0.420750 0.089000 0.418300
0 0.833800 0.410450 0.067600 0.330700
0 0.680100 0.400650 0.063200 0.332700
0 0.911400 0.406450 0.106600 0.456700
0 0.724300 0.407500 0.066200 0.334600
0 0.975350 0.410400 0.049300 0.413400
0 0.863900 0.409450 0.042600 0.318900
0 0.853300 0.293300 0.031600 0.076800
0 0.849250 0.277050 0.023500 0.046300
0 0.945200 0.285450 0.043400 0.120100
0 0.945900 0.399100 0.061000 0.400600
0 0.854450 0.343500 0.035300 0.185000
0 0.965450 0.305100 0.022100 0.076800
0 0.688200 0.287450 0.045600 0.108300
0 0.865800 0.296200 0.015400 0.061000
