0 0.173550 0.468000 0.347100 0.936000
0 0.711400 0.387800 0.206600 0.773600
0 0.942300 0.403550 0.115400 0.578700
0 0.851850 0.430150 0.124300 0.557100
0 0.558050 0.388250 0.019100 0.056100
0 0.520600 0.392750 0.017600 0.057100
0 0.588950 0.405550 0.030900 0.092500
0 0.607700 0.419750 0.052200 0.432100
0 0.597100 0.414350 0.041200 0.283500
0 0.877250 0.204200 0.060300 0.101400
0 0.893700 0.423750 0.090400 0.554100
0 0.986750 0.404550 0.026500 0.570900
0 0.595950 0.386300 0.021300 0.052200
0 0.807350 0.427600 0.048500 0.548200
