0 0.456250 0.405000 0.280100 0.810000
0 0.775050 0.409450 0.080900 0.295300
0 0.950750 0.411900 0.098500 0.398600
0 0.833450 0.397650 0.053700 0.218500
0 0.640050 0.415900 0.037500 0.138800
0 0.611800 0.409900 0.036800 0.125000
0 0.121000 0.369100 0.202200 0.738200
0 0.696350 0.422200 0.077900 0.273600
0 0.035650 0.394650 0.071300 0.643700
0 0.730150 0.411350 0.047100 0.190900
0 0.641150 0.354800 0.010300 0.024600
0 0.676850 0.395200 0.049300 0.186000
0 0.739300 0.428700 0.027200 0.127000
0 0.652200 0.360200 0.011800 0.023600
0 0.633100 0.354850 0.016200 0.028500
0 0.627200 0.412900 0.017600 0.125000
0 0.667250 0.421300 0.025700 0.214600
0 0.676450 0.529050 0.019100 0.046300
0 0.712850 0.396100 0.049300 0.186000
0 0.630150 0.367150 0.014700 0.053100
0 0.661350 0.462550 0.016900 0.041300
0 0.707700 0.326750 0.015400 0.031500
0 0.662850 0.414850 0.021300 0.132900
0 0.811050 0.392200 0.048500 0.201800
