0 0.659900 0.591000 0.206600 0.300200
0 0.638900 0.308550 0.167600 0.430100
0 0.912150 0.377950 0.175700 0.718500
0 0.270550 0.410500 0.180900 0.815000
0 0.826500 0.523550 0.300000 0.553100
0 0.160250 0.381400 0.152900 0.762800
0 0.445250 0.497050 0.346300 0.994100
0 0.829450 0.253950 0.155900 0.320900
0 0.093000 0.390750 0.184600 0.742100
0 0.889700 0.432600 0.054400 0.127000
0 0.893000 0.426150 0.086000 0.279500
0 0.845200 0.612200 0.309600 0.263800
0 0.820950 0.406050 0.178700 0.656500
0 0.214700 0.373050 0.111800 0.742100
0 0.563600 0.388300 0.022800 0.113200
