0 0.264700 0.416850 0.191200 0.829700
0 0.560250 0.456200 0.435300 0.912400
0 0.162150 0.381900 0.149300 0.763800
0 0.915800 0.397150 0.168400 0.758900
0 0.064700 0.484750 0.129400 0.967500
0 0.809200 0.443950 0.211000 0.706700
0 0.763550 0.630400 0.371300 0.349400
0 0.834900 0.284000 0.140400 0.375000
0 0.399250 0.554600 0.098500 0.312000
0 0.649950 0.500500 0.169100 0.611200
0 0.434900 0.825800 0.036000 0.086600
0 0.115450 0.364700 0.094100 0.688000
0 0.171300 0.490150 0.342600 0.980300
0 0.458450 0.631900 0.196300 0.464600
0 0.427250 0.636800 0.080900 0.464600
0 0.427550 0.482250 0.149300 0.470500
0 0.778650 0.506400 0.414700 0.810000
