0 0.601850 0.455700 0.294900 0.909400
0 0.823950 0.428150 0.208100 0.856300
0 0.926800 0.451350 0.143400 0.684100
0 0.460650 0.514300 0.087500 0.373000
0 0.120600 0.474900 0.241200 0.949800
0 0.395250 0.396700 0.162500 0.675200
0 0.644800 0.564950 0.138200 0.356300
0 0.205900 0.416850 0.213200 0.831700
0 0.731250 0.561050 0.078700 0.354300
0 0.511400 0.525600 0.190400 0.348400
0 0.816550 0.543250 0.237500 0.403500
0 0.678650 0.648650 0.180900 0.192900
0 0.073150 0.654500 0.144900 0.311000
0 0.701500 0.427650 0.020600 0.065900
0 0.742650 0.292800 0.052900 0.113200
0 0.908800 0.595500 0.104400 0.389800
0 0.530900 0.470450 0.267600 0.633900
