0 0.933450 0.409000 0.133100 0.762800
0 0.191950 0.474350 0.380900 0.940900
0 0.563200 0.472950 0.417600 0.945900
0 0.813550 0.424700 0.171300 0.847400
0 0.492250 0.413900 0.200700 0.723400
0 0.063600 0.398600 0.127200 0.748000
0 0.386000 0.560550 0.083800 0.329700
0 0.291200 0.496550 0.191200 0.656500
0 0.467300 0.565000 0.247800 0.350400
0 0.807350 0.554150 0.202900 0.328700
0 0.889700 0.386800 0.070600 0.685000
0 0.661350 0.580700 0.205100 0.336600
0 0.575000 0.619150 0.058800 0.257900
0 0.891550 0.310050 0.055100 0.391700
0 0.226450 0.626450 0.248500 0.353300
0 0.014700 0.342050 0.029400 0.532500
0 0.568400 0.598400 0.225000 0.287400
0 0.734950 0.551650 0.075700 0.317900
0 0.102950 0.628950 0.052900 0.246100
0 0.370900 0.215050 0.040400 0.067900
0 0.027550 0.370600 0.053700 0.676200
0 0.011750 0.490700 0.023500 0.253000
