0 0.164350 0.633350 0.328700 0.619100
0 0.319900 0.413900 0.225000 0.827800
0 0.602950 0.497550 0.319100 0.995100
0 0.920600 0.384850 0.158800 0.720500
0 0.414400 0.508800 0.209600 0.409400
0 0.761050 0.571800 0.301500 0.685000
0 0.820950 0.260800 0.166900 0.338600
0 0.175050 0.320900 0.147100 0.639800
0 0.094100 0.268700 0.186800 0.490200
0 0.133100 0.115150 0.120600 0.230300
0 0.816550 0.386300 0.219900 0.627000
0 0.672050 0.589050 0.173500 0.717500
0 0.185300 0.191450 0.111800 0.378900
0 0.155550 0.029050 0.078700 0.058100
0 0.250000 0.328300 0.241200 0.652600
0 0.595200 0.574300 0.027200 0.211600
