0 0.936400 0.451750 0.127200 0.809100
0 0.410300 0.363750 0.095600 0.721500
0 0.305850 0.437000 0.130900 0.561000
0 0.222400 0.402100 0.243400 0.798200
0 0.790800 0.417800 0.172800 0.825800
0 0.540800 0.497050 0.297800 0.994100
0 0.043000 0.470450 0.086000 0.940900
0 0.683050 0.478350 0.164700 0.956700
0 0.859950 0.461150 0.053700 0.520700
0 0.828700 0.460150 0.113200 0.532500
0 0.731250 0.399600 0.103700 0.799200
0 0.743350 0.640250 0.102900 0.319900
0 0.747100 0.049700 0.054400 0.099400
0 0.024250 0.367650 0.048500 0.729300
0 0.716900 0.557050 0.092600 0.442900
