0 0.158450 0.622050 0.316900 0.643700
0 0.633500 0.492600 0.343400 0.985200
0 0.896000 0.560500 0.143400 0.337600
0 0.956250 0.420800 0.087500 0.749000
0 0.449300 0.622050 0.208800 0.232300
0 0.267250 0.416850 0.287500 0.831700
0 0.840400 0.275600 0.163200 0.387800
0 0.813300 0.489700 0.161800 0.461600
0 0.261800 0.553150 0.216200 0.395700
0 0.153300 0.392700 0.065400 0.586600
0 0.697450 0.683600 0.330100 0.625000
0 0.583100 0.622600 0.457400 0.239200
0 0.617300 0.628450 0.493400 0.329700
0 0.694850 0.682100 0.322100 0.612200
0 0.190050 0.410400 0.124300 0.663400
0 0.873550 0.410900 0.230900 0.690000
0 0.750400 0.491150 0.377200 0.681100
