0 0.715800 0.446350 0.231600 0.890700
0 0.509950 0.495550 0.269900 0.991100
0 0.342700 0.391700 0.161800 0.689000
0 0.043000 0.402600 0.086000 0.763800
0 0.892300 0.377950 0.215400 0.690900
0 0.203350 0.486200 0.344900 0.972400
0 0.425700 0.551700 0.108800 0.298200
0 0.819850 0.515700 0.327900 0.574800
0 0.683850 0.610200 0.110300 0.259800
0 0.069500 0.637800 0.039000 0.287400
0 0.087100 0.408450 0.139000 0.805100
0 0.421650 0.629450 0.100700 0.144700
0 0.409950 0.429150 0.105100 0.643700
0 0.043350 0.626000 0.080900 0.315000
0 0.813600 0.186000 0.056600 0.126000
0 0.565400 0.651550 0.220600 0.346500
0 0.784900 0.151550 0.115400 0.192900
0 0.331600 0.472450 0.332400 0.805100
0 0.652200 0.585150 0.041200 0.195900
