0 0.670200 0.469000 0.218400 0.938000
0 0.098900 0.496050 0.197800 0.992100
0 0.916200 0.390300 0.167600 0.676200
0 0.436000 0.465050 0.263200 0.928100
0 0.867250 0.510800 0.200700 0.576800
0 0.591550 0.603850 0.162500 0.258900
0 0.179750 0.418300 0.125700 0.584600
0 0.318450 0.453700 0.072100 0.584600
0 0.830450 0.376450 0.125700 0.603300
0 0.487850 0.484750 0.146300 0.479300
0 0.368700 0.449250 0.181600 0.617100
0 0.528300 0.482300 0.052200 0.450800
0 0.522050 0.350900 0.089700 0.697800
0 0.830550 0.175650 0.121300 0.203700
0 0.296300 0.497550 0.592600 0.829700
0 0.656250 0.587600 0.258100 0.311000
0 0.066200 0.682100 0.132400 0.586600
