0 0.584500 0.463100 0.213200 0.924200
0 0.069800 0.392200 0.138200 0.776600
0 0.796300 0.501000 0.407400 0.998000
0 0.327200 0.489700 0.250000 0.977400
0 0.188650 0.404050 0.158100 0.806100
0 0.466500 0.371550 0.131600 0.741100
0 0.688550 0.561050 0.075700 0.381900
0 0.657300 0.432550 0.129400 0.819900
0 0.129050 0.398150 0.105100 0.794300
0 0.972450 0.351350 0.055100 0.503900
0 0.489700 0.507900 0.092600 0.448800
0 0.416150 0.377950 0.122100 0.753900
0 0.131200 0.145700 0.052200 0.135800
0 0.332400 0.657500 0.245600 0.411400
0 0.138600 0.579200 0.089000 0.286400
0 0.978700 0.526550 0.038200 0.671300
0 0.644500 0.563000 0.140400 0.387800
0 0.693800 0.542800 0.139000 0.461600
0 0.033450 0.021650 0.066900 0.043300
0 0.126450 0.103800 0.047100 0.050200
0 0.411400 0.587150 0.106600 0.471500
0 0.979450 0.530450 0.030900 0.141700
