0 0.741850 0.397650 0.123500 0.594500
0 0.884200 0.499950 0.231600 0.954700
0 0.230550 0.485300 0.319900 0.964600
0 0.060650 0.427200 0.119900 0.850400
0 0.117300 0.513350 0.118400 0.721500
0 0.573950 0.477850 0.233100 0.955700
0 0.364350 0.400600 0.105100 0.797200
0 0.442650 0.426700 0.127900 0.847400
0 0.792600 0.444350 0.063200 0.619100
0 0.466150 0.595950 0.089700 0.542300
0 0.378000 0.048250 0.041200 0.092500
0 0.441550 0.606800 0.069900 0.440000
0 0.405450 0.358250 0.100700 0.716500
0 0.935250 0.639300 0.023500 0.040400
0 0.789650 0.695850 0.052900 0.116100
0 0.940800 0.627500 0.031600 0.064000
