0 0.370550 0.560000 0.119100 0.236200
0 0.070200 0.640300 0.140400 0.701800
0 0.231300 0.618050 0.264000 0.616100
0 0.802900 0.605800 0.392600 0.786400
0 0.479750 0.844950 0.266900 0.306100
0 0.951100 0.435000 0.097800 0.135800
0 0.941200 0.659900 0.117600 0.587600
0 0.432000 0.747100 0.172800 0.315000
0 0.686000 0.591500 0.133800 0.409400
0 0.687900 0.494550 0.118400 0.193900
0 0.519100 0.707200 0.207400 0.239200
0 0.683050 0.625050 0.364700 0.594500
0 0.453350 0.667850 0.203700 0.158500
0 0.950750 0.521200 0.098500 0.312000
0 0.555900 0.665400 0.138200 0.151600
0 0.607400 0.400600 0.011800 0.009800
0 0.555150 0.724900 0.401500 0.426200
0 0.934600 0.409500 0.066200 0.088600
0 0.981250 0.459650 0.037500 0.066900
