0 0.355150 0.472900 0.385300 0.938000
0 0.920200 0.404050 0.159600 0.754900
0 0.140850 0.385850 0.191900 0.767700
0 0.612150 0.444900 0.228700 0.889800
0 0.659900 0.572850 0.202200 0.283500
0 0.249300 0.491600 0.175000 0.697800
0 0.812450 0.501900 0.169100 0.547200
0 0.825350 0.280050 0.166900 0.392700
0 0.218750 0.435100 0.087500 0.565000
0 0.010300 0.405500 0.020600 0.364200
0 0.010300 0.294250 0.020600 0.066900
0 0.219500 0.544800 0.064000 0.351400
0 0.619150 0.653600 0.122100 0.464600
0 0.703350 0.687450 0.119900 0.105300
0 0.191850 0.525100 0.098500 0.412400
