0 0.540400 0.380450 0.192600 0.658500
0 0.879050 0.407000 0.153700 0.650600
0 0.616200 0.364150 0.016200 0.045300
0 0.984200 0.407450 0.031600 0.608300
0 0.647800 0.352850 0.013200 0.044300
0 0.634200 0.357750 0.011000 0.042300
0 0.586400 0.384350 0.011000 0.042300
0 0.661700 0.353800 0.013200 0.036400
0 0.642600 0.354850 0.013200 0.044300
0 0.595200 0.366600 0.011000 0.038400
0 0.652200 0.354800 0.011800 0.038400
0 0.622450 0.359300 0.012500 0.037400
0 0.647450 0.340000 0.012500 0.022600
0 0.654800 0.352850 0.022800 0.044300
0 0.667650 0.354850 0.014700 0.032500
0 0.635250 0.357750 0.023500 0.046300
