0 0.311050 0.453300 0.301500 0.900600
0 0.577550 0.465050 0.199300 0.928100
0 0.464000 0.417300 0.129400 0.834600
0 0.080900 0.439950 0.161800 0.791300
0 0.970600 0.475400 0.058800 0.852400
0 0.812500 0.486200 0.338200 0.935000
0 0.643750 0.383400 0.119900 0.764800
0 0.169450 0.392250 0.133100 0.733300
0 0.663250 0.557550 0.077900 0.420300
0 0.223600 0.428150 0.157400 0.856300
0 0.208100 0.080750 0.041200 0.157500
0 0.390500 0.426150 0.136800 0.816900
0 0.288250 0.663450 0.198500 0.421300
0 0.463550 0.598950 0.125700 0.369100
0 0.204800 0.154050 0.047800 0.308100
0 0.588550 0.574350 0.205100 0.357300
0 0.027950 0.021650 0.055900 0.043300
0 0.070550 0.021150 0.135300 0.042300
0 0.980150 0.844950 0.039700 0.128900
0 0.421300 0.590500 0.063200 0.261800
0 0.485250 0.650050 0.110300 0.142700
0 0.365800 0.676150 0.065400 0.419300
0 0.196750 0.684050 0.078700 0.106300
