0 0.557350 0.424200 0.144100 0.425200
0 0.670250 0.420750 0.119900 0.504900
0 0.952550 0.408450 0.094900 0.468500
0 0.737450 0.396100 0.094100 0.447800
0 0.787450 0.401050 0.077900 0.369100
0 0.880550 0.391250 0.096300 0.445900
0 0.818750 0.401050 0.053700 0.355300
0 0.835650 0.260350 0.030100 0.046300
0 0.924650 0.236650 0.030100 0.028500
0 0.802150 0.249500 0.023500 0.052200
0 0.814000 0.296200 0.045600 0.147600
0 0.915400 0.398100 0.054400 0.449800
0 0.837500 0.404050 0.042600 0.357300
0 0.987500 0.408450 0.025000 0.444900
0 0.928000 0.477350 0.036800 0.208700
0 0.804800 0.272100 0.031600 0.099400
0 0.940400 0.455700 0.070600 0.238200
0 0.833850 0.303600 0.030900 0.150600
