0 0.161750 0.487200 0.322100 0.972400
0 0.476100 0.363700 0.164000 0.725400
0 0.662150 0.493100 0.258100 0.986200
0 0.372800 0.517250 0.220600 0.569900
0 0.846650 0.392200 0.175700 0.784400
0 0.916900 0.493100 0.166200 0.736200
0 0.327900 0.393150 0.129400 0.717500
0 0.269150 0.376450 0.123500 0.741100
0 0.055900 0.490650 0.111800 0.516700
0 0.058800 0.693850 0.117600 0.578700
0 0.346700 0.173200 0.093400 0.214600
0 0.685700 0.651100 0.272800 0.412400
0 0.557300 0.574850 0.079400 0.220500
0 0.843350 0.611200 0.194100 0.378000
0 0.075750 0.745600 0.076500 0.101400
0 0.175350 0.658900 0.250700 0.298200
0 0.770600 0.434050 0.354400 0.844500
0 0.291600 0.556600 0.064000 0.361200
0 0.857350 0.690500 0.051500 0.125000
0 0.072750 0.626000 0.077900 0.139800
0 0.030150 0.411400 0.060300 0.628000
0 0.270250 0.086100 0.108100 0.172200
