0 0.340800 0.429650 0.343400 0.859300
0 0.537150 0.400600 0.021300 0.074800
0 0.579100 0.400150 0.018400 0.071900
0 0.092650 0.417350 0.185300 0.641700
0 0.565500 0.400550 0.016200 0.066900
0 0.558500 0.397700 0.018400 0.065000
0 0.571750 0.399150 0.019900 0.071900
0 0.524600 0.400150 0.011000 0.069900
0 0.566950 0.374050 0.010300 0.019700
0 0.610300 0.396600 0.011800 0.009800
0 0.550000 0.397150 0.011800 0.058100
0 0.555500 0.382850 0.011000 0.031500
0 0.525050 0.379950 0.010300 0.021700
0 0.707300 0.377450 0.008800 0.008900
