0 0.672750 0.520150 0.169100 0.317900
0 0.907700 0.613250 0.184600 0.208700
0 0.298200 0.371550 0.159600 0.591500
0 0.456950 0.407950 0.150700 0.554100
0 0.245600 0.379400 0.117600 0.514800
0 0.414000 0.377950 0.095600 0.545300
0 0.513200 0.378000 0.104400 0.490200
0 0.684550 0.265250 0.135300 0.343500
0 0.541150 0.423700 0.073500 0.402600
0 0.426450 0.513300 0.080900 0.290400
0 0.321350 0.524600 0.123500 0.159400
0 0.956600 0.588100 0.086800 0.237200
0 0.415100 0.210700 0.097800 0.202800
0 0.519500 0.473900 0.061000 0.302200
0 0.508100 0.156950 0.041200 0.030500
