0 0.571700 0.489150 0.361000 0.978300
0 0.345600 0.391200 0.157400 0.676200
0 0.728700 0.443400 0.200000 0.886800
0 0.198150 0.489150 0.380100 0.978300
0 0.097750 0.435550 0.194100 0.721500
0 0.903000 0.262850 0.182400 0.496100
0 0.805500 0.611250 0.343400 0.381900
0 0.430200 0.556100 0.111800 0.299200
0 0.652600 0.574350 0.064000 0.333700
0 0.713600 0.577250 0.206600 0.343500
0 0.023150 0.441400 0.046300 0.697800
0 0.108450 0.634850 0.174300 0.344500
0 0.637150 0.577250 0.146300 0.341500
0 0.614700 0.573300 0.383800 0.412400
