0 0.835350 0.438500 0.251500 0.877000
0 0.175050 0.489650 0.347100 0.971500
0 0.564000 0.470450 0.413200 0.940900
0 0.062850 0.398150 0.125700 0.756900
0 0.658500 0.590550 0.184600 0.291300
0 0.947050 0.363700 0.105900 0.636800
0 0.922100 0.548250 0.154400 0.521700
0 0.442650 0.429150 0.152900 0.566900
0 0.266950 0.423200 0.164700 0.815000
0 0.888250 0.245050 0.044100 0.145700
0 0.252550 0.585150 0.125700 0.479300
0 0.415450 0.522100 0.101500 0.373000
0 0.924950 0.311550 0.119100 0.317900
0 0.504450 0.559050 0.301500 0.356300
0 0.441950 0.265250 0.147100 0.231300
0 0.898950 0.285950 0.074300 0.229300
0 0.209200 0.567450 0.261000 0.530500
0 0.591200 0.611250 0.066200 0.305100
0 0.099250 0.637850 0.051500 0.220500
0 0.734200 0.639250 0.061000 0.180100
0 0.768000 0.591100 0.131600 0.288400
0 0.556650 0.595000 0.151500 0.290400
0 0.061750 0.588600 0.122100 0.352400
