0 0.833050 0.708650 0.310300 0.580700
0 0.215050 0.296750 0.205100 0.591500
0 0.530900 0.500000 0.475000 1.000000
0 0.325700 0.649150 0.220600 0.619100
0 0.673900 0.647150 0.097800 0.243100
0 0.068750 0.399550 0.137500 0.366100
0 0.875700 0.544750 0.188200 0.329700
0 0.030150 0.336150 0.060300 0.445900
0 0.023150 0.208650 0.046300 0.220500
0 0.068400 0.522600 0.136800 0.811000
0 0.029400 0.581200 0.058800 0.784400
0 0.182700 0.742150 0.365400 0.515700
0 0.394900 0.899150 0.075000 0.158500
0 0.017650 0.272600 0.035300 0.100400
0 0.662500 0.677650 0.191200 0.353300
