0 0.731250 0.592050 0.366900 0.666300
0 0.920600 0.319450 0.113200 0.445900
0 0.165100 0.385400 0.111000 0.652600
0 0.446650 0.505900 0.280100 0.925200
0 0.277600 0.406500 0.227200 0.813000
0 0.795600 0.268200 0.225000 0.349400
0 0.597050 0.568850 0.127900 0.305100
0 0.349250 0.389300 0.114700 0.749000
0 0.958800 0.318450 0.082400 0.532500
0 0.328350 0.458150 0.066900 0.571900
0 0.746300 0.238700 0.120600 0.290400
0 0.964350 0.491600 0.024300 0.087600
0 0.715850 0.184600 0.062500 0.176200
0 0.395950 0.074750 0.141900 0.066900
0 0.522100 0.573350 0.282400 0.329700
