0 0.540750 0.454250 0.300700 0.906500
0 0.787500 0.441450 0.225000 0.878900
0 0.234150 0.377950 0.146300 0.706700
0 0.121300 0.380900 0.192600 0.752000
0 0.038250 0.511300 0.076500 0.914400
0 0.903250 0.448300 0.100700 0.660400
0 0.566150 0.628000 0.327900 0.252000
0 0.487100 0.485200 0.293400 0.551200
0 0.678300 0.396650 0.102200 0.407500
0 0.622750 0.400100 0.194100 0.424200
0 0.393050 0.460150 0.096300 0.495100
0 0.780550 0.551150 0.266900 0.344500
0 0.671300 0.620100 0.120600 0.222400
0 0.397000 0.570850 0.063200 0.279500
