0 0.756950 0.384900 0.050700 0.151600
0 0.732700 0.564950 0.215400 0.246100
0 0.902550 0.602400 0.194900 0.236200
0 0.453650 0.603350 0.226500 0.269700
0 0.895950 0.330750 0.044900 0.096500
0 0.103300 0.470500 0.206600 0.911400
0 0.486000 0.450250 0.213200 0.205700
0 0.894450 0.399100 0.050700 0.176200
0 0.932000 0.465100 0.136000 0.227400
0 0.555900 0.493600 0.086800 0.111200
0 0.072800 0.101400 0.145600 0.202800
0 0.430500 0.514700 0.318400 0.334600
0 0.073550 0.297750 0.147100 0.595500
0 0.955900 0.580700 0.088200 0.285400
0 0.834600 0.570350 0.061800 0.158500
0 0.890050 0.315450 0.030100 0.065900
