0 0.438200 0.606300 0.229400 0.226400
0 0.729450 0.406500 0.197100 0.748000
0 0.302250 0.401100 0.126500 0.477400
0 0.838650 0.477300 0.099300 0.185000
0 0.861750 0.656000 0.276500 0.225400
0 0.466600 0.501050 0.193400 0.246100
0 0.934500 0.433600 0.113200 0.239200
0 0.642600 0.535950 0.075000 0.304100
0 0.594500 0.531500 0.147800 0.297200
0 0.709900 0.531950 0.186000 0.294300
0 0.926850 0.506450 0.146300 0.119100
0 0.785700 0.501950 0.206600 0.234300
0 0.895200 0.571800 0.209600 0.261800
0 0.921750 0.501900 0.153700 0.122000
