0 0.932350 0.444350 0.135300 0.794300
0 0.410700 0.384350 0.089000 0.670300
0 0.807700 0.453700 0.156600 0.899600
0 0.218350 0.399100 0.223500 0.798200
0 0.307350 0.358750 0.144100 0.707700
0 0.697750 0.470450 0.210300 0.933100
0 0.082700 0.478350 0.165400 0.956700
0 0.529400 0.498000 0.245600 0.988200
0 0.817600 0.569400 0.142600 0.412400
0 0.782300 0.621600 0.058800 0.290400
0 0.280900 0.106300 0.100000 0.212600
0 0.778650 0.628900 0.126500 0.413400
0 0.388250 0.500000 0.776500 1.000000
0 0.322050 0.484750 0.364700 0.969500
0 0.863250 0.549250 0.073500 0.358300
