0 0.719500 0.476450 0.306600 0.946900
0 0.285650 0.465050 0.112500 0.304100
0 0.080150 0.350400 0.160300 0.700800
0 0.372000 0.430650 0.238200 0.857300
0 0.566950 0.549150 0.180900 0.253900
0 0.463650 0.549700 0.053700 0.172200
0 0.922800 0.590050 0.154400 0.254900
0 0.662500 0.560500 0.179400 0.239200
0 0.352900 0.458700 0.242600 0.338600
0 0.402900 0.549200 0.175000 0.175200
0 0.719900 0.577300 0.316200 0.400600
0 0.795600 0.595950 0.408800 0.254900
0 0.465500 0.438950 0.061800 0.395700
0 0.506650 0.544350 0.122100 0.196900
0 0.656650 0.344500 0.185300 0.673200
0 0.790450 0.592050 0.419100 0.245100
0 0.614700 0.552200 0.070600 0.250000
