0 0.895600 0.487700 0.208800 0.884800
0 0.374600 0.432100 0.243400 0.864200
0 0.691900 0.579250 0.254400 0.520700
0 0.197050 0.383400 0.197100 0.764800
0 0.529400 0.386300 0.142600 0.650600
0 0.808050 0.480800 0.110300 0.298200
0 0.662850 0.262800 0.146300 0.401600
0 0.730900 0.307100 0.120600 0.261800
0 0.046300 0.599900 0.092600 0.575800
0 0.389750 0.553150 0.255900 0.279500
0 0.046700 0.411400 0.093400 0.202800
0 0.970950 0.496050 0.058100 0.883900
0 0.276450 0.367150 0.055900 0.708700
0 0.657700 0.385850 0.202200 0.655500
0 0.588650 0.583650 0.069900 0.281500
0 0.755850 0.331150 0.069100 0.205700
0 0.722400 0.416350 0.152200 0.596500
0 0.971300 0.710150 0.057400 0.105300
0 0.971300 0.713600 0.057400 0.277600
0 0.937550 0.703750 0.080900 0.196900
0 0.858500 0.486150 0.247800 0.478300
0 0.840100 0.408000 0.043400 0.148600
0 0.331950 0.496550 0.180100 0.441900
0 0.832700 0.455700 0.077200 0.222400
0 0.494500 0.549200 0.084600 0.336600
