0 0.264300 0.414900 0.215400 0.825800
0 0.777550 0.417300 0.269900 0.834600
0 0.524300 0.449350 0.286800 0.896700
0 0.643700 0.403500 0.111000 0.775600
0 0.921700 0.416300 0.156600 0.738200
0 0.138550 0.390750 0.141900 0.771700
0 0.020950 0.404550 0.041900 0.653500
0 0.062850 0.410900 0.121300 0.664400
0 0.395200 0.432050 0.102200 0.582700
0 0.738250 0.384350 0.119100 0.707700
0 0.944850 0.624000 0.105900 0.173200
0 0.426500 0.470450 0.066200 0.671300
0 0.381250 0.540800 0.075700 0.347400
0 0.908500 0.626050 0.034600 0.171300
0 0.731300 0.121550 0.039000 0.065900
0 0.718750 0.226900 0.066900 0.274600
0 0.718050 0.155550 0.062500 0.129900
0 0.450700 0.470500 0.170600 0.710600
0 0.762500 0.575300 0.075000 0.223400
0 0.159950 0.031000 0.071300 0.062000
0 0.782750 0.570850 0.033100 0.206700
0 0.697100 0.396150 0.075000 0.703700
0 0.412900 0.515200 0.052200 0.461600
0 0.706650 0.294250 0.044100 0.531500
0 0.082050 0.530000 0.074300 0.426200
0 0.752200 0.079250 0.082400 0.146700
0 0.647450 0.042350 0.016900 0.055100
