0 0.479350 0.477850 0.352900 0.646700
0 0.187850 0.295800 0.253700 0.587600
0 0.249250 0.756400 0.480900 0.422200
0 0.814750 0.481250 0.147100 0.492100
0 0.926450 0.467500 0.147100 0.848400
0 0.613650 0.624950 0.474300 0.629900
0 0.823200 0.243150 0.093400 0.267700
0 0.386000 0.553600 0.288200 0.510800
0 0.459550 0.551650 0.189700 0.357300
0 0.308800 0.441900 0.132400 0.285400
0 0.483500 0.472450 0.077200 0.234300
0 0.380450 0.425700 0.250700 0.262800
0 0.899250 0.054100 0.047100 0.051200
0 0.856250 0.397100 0.169900 0.585600
