0 0.894150 0.488150 0.210300 0.893700
0 0.198850 0.381900 0.171300 0.761800
0 0.370650 0.432600 0.276500 0.865200
0 0.682750 0.564500 0.233100 0.552200
0 0.507000 0.377950 0.147800 0.671300
0 0.796350 0.333150 0.160300 0.609300
0 0.041550 0.461150 0.083100 0.855300
0 0.625300 0.376450 0.165400 0.630900
0 0.824250 0.481850 0.080900 0.296300
0 0.880200 0.705750 0.186800 0.218500
0 0.968750 0.491600 0.062500 0.886800
0 0.385300 0.562950 0.261800 0.307100
0 0.261750 0.366150 0.055900 0.728300
0 0.940800 0.700250 0.089000 0.203700
0 0.969100 0.712600 0.061800 0.110200
0 0.970200 0.753900 0.059600 0.259800
0 0.858150 0.566950 0.147100 0.553100
0 0.567600 0.383400 0.079400 0.652600
0 0.018000 0.437000 0.036000 0.874000
0 0.486400 0.540850 0.086000 0.355300
0 0.268700 0.505900 0.040400 0.427200
