0 0.938550 0.429100 0.121300 0.736200
0 0.371650 0.409450 0.200700 0.818900
0 0.862150 0.347950 0.183100 0.532500
0 0.269850 0.382850 0.097100 0.566900
0 0.465800 0.377950 0.115400 0.669300
0 0.533050 0.541850 0.344100 0.896700
0 0.741950 0.624050 0.347100 0.604300
0 0.476050 0.113150 0.091900 0.120100
0 0.817300 0.448300 0.181600 0.363200
0 0.081600 0.364150 0.163200 0.728300
0 0.569800 0.583150 0.029400 0.258900
0 0.608100 0.731800 0.116200 0.503000
0 0.577550 0.582150 0.066900 0.406500
0 0.858400 0.129950 0.040400 0.068900
0 0.570600 0.567450 0.179400 0.607300
0 0.426850 0.583650 0.046300 0.257900
0 0.804400 0.363200 0.157400 0.189000
0 0.290450 0.593050 0.048500 0.146700
0 0.701800 0.350900 0.036000 0.036400
0 0.628300 0.658950 0.234600 0.656500
