0 0.729000 0.396200 0.122800 0.599400
0 0.897450 0.484300 0.205100 0.952800
0 0.225400 0.489650 0.364000 0.979300
0 0.584600 0.477350 0.236800 0.954700
0 0.030150 0.485750 0.060300 0.808100
0 0.805550 0.430600 0.071300 0.575800
0 0.333150 0.382900 0.176500 0.763800
0 0.435700 0.409450 0.122800 0.805100
0 0.770200 0.179150 0.031600 0.068900
0 0.369500 0.474850 0.109600 0.530500
0 0.772050 0.396200 0.077900 0.564000
0 0.457000 0.561500 0.081600 0.497000
0 0.416150 0.515200 0.101500 0.410400
0 0.473550 0.469500 0.098500 0.872000
0 0.666950 0.486200 0.526500 0.952800
