0 0.312150 0.388300 0.221300 0.727400
0 0.526050 0.408950 0.216900 0.815900
0 0.716900 0.404000 0.070600 0.249000
0 0.671300 0.404500 0.050000 0.189000
0 0.793050 0.411850 0.149300 0.565900
0 0.772050 0.413900 0.044100 0.186000
0 0.898900 0.411950 0.202200 0.819900
0 0.031600 0.542800 0.063200 0.625000
0 0.797750 0.315950 0.094100 0.381900
0 0.761350 0.376950 0.021300 0.080700
0 0.778300 0.345500 0.056600 0.273600
0 0.822400 0.162400 0.043400 0.076800
0 0.032000 0.721950 0.064000 0.280500
0 0.691550 0.406000 0.030100 0.201800
