0 0.332650 0.452250 0.205100 0.904500
0 0.136050 0.498500 0.272100 0.997000
0 0.484550 0.444450 0.148500 0.770700
0 0.556950 0.477350 0.278700 0.940900
0 0.945950 0.369100 0.108100 0.401600
0 0.809900 0.438000 0.218400 0.874000
0 0.698500 0.391250 0.083800 0.668300
0 0.753700 0.221950 0.082400 0.443900
0 0.701800 0.214600 0.077200 0.313000
0 0.990450 0.258850 0.019100 0.421300
0 0.943400 0.472950 0.111800 0.859300
0 0.021700 0.493150 0.043400 0.944900
0 0.898150 0.370550 0.199300 0.508900
0 0.490100 0.649650 0.143400 0.346500
0 0.470250 0.169750 0.108100 0.193900
0 0.010300 0.558550 0.020600 0.430100
0 0.737100 0.381950 0.131600 0.708700
0 0.281250 0.645200 0.103700 0.489200
0 0.984200 0.339100 0.031600 0.562000
