0 0.227950 0.673700 0.330900 0.534400
0 0.865050 0.507450 0.269900 0.896700
0 0.582700 0.591550 0.214000 0.346500
0 0.068750 0.493150 0.137500 0.358300
0 0.476450 0.839550 0.310300 0.316900
0 0.061050 0.697800 0.122100 0.584600
0 0.771650 0.700250 0.237500 0.593500
0 0.199600 0.241150 0.202200 0.482300
0 0.815450 0.430600 0.151500 0.223400
0 0.785600 0.500000 0.215400 0.372000
0 0.868000 0.447900 0.081600 0.177200
0 0.686000 0.539900 0.408800 0.440000
0 0.890450 0.388250 0.035300 0.054100
0 0.152200 0.437950 0.295600 0.842500
