0 0.387500 0.394650 0.163200 0.683100
0 0.830500 0.430650 0.156600 0.857300
0 0.594450 0.477400 0.325700 0.952800
0 0.103000 0.416850 0.111800 0.815900
0 0.207000 0.479850 0.256600 0.957700
0 0.046700 0.400600 0.093400 0.785400
0 0.933100 0.422200 0.132400 0.710600
0 0.466950 0.555550 0.080900 0.292300
0 0.679450 0.574800 0.189700 0.324800
0 0.825000 0.583600 0.175000 0.372000
0 0.592250 0.590550 0.278700 0.320900
0 0.743750 0.635300 0.080100 0.176200
0 0.626050 0.730800 0.275700 0.449800
0 0.756650 0.471400 0.048500 0.159400
0 0.760300 0.555100 0.070600 0.313000
0 0.034550 0.023150 0.069100 0.046300
