0 0.209450 0.453100 0.254900 0.906200
0 0.788550 0.237600 0.163100 0.444000
0 0.565950 0.497400 0.563500 0.994800
0 0.921400 0.444050 0.157200 0.791700
0 0.772950 0.699200 0.454100 0.596400
0 0.726100 0.453750 0.282200 0.876300
0 0.915550 0.180350 0.168900 0.360700
0 0.872600 0.042950 0.085000 0.085900
0 0.915050 0.071600 0.169900 0.143200
0 0.663050 0.695300 0.671900 0.609400
0 0.830550 0.447850 0.260700 0.835900
0 0.657200 0.054700 0.084000 0.109400
0 0.772950 0.896500 0.270500 0.207000
0 0.805650 0.080700 0.119100 0.127600
0 0.630350 0.162750 0.137700 0.325500
