0 0.943400 0.382350 0.113200 0.516700
0 0.690400 0.418300 0.113200 0.452800
0 0.618800 0.419250 0.164000 0.466500
0 0.802200 0.431050 0.133800 0.478300
0 0.891200 0.394200 0.061800 0.365200
0 0.858850 0.394650 0.047100 0.332700
0 0.751450 0.402050 0.039700 0.280500
0 0.751900 0.286950 0.034600 0.056100
0 0.858800 0.284500 0.033800 0.090600
0 0.646700 0.228300 0.040400 0.098400
0 0.719450 0.278600 0.041900 0.076800
0 0.712850 0.259850 0.030100 0.041300
0 0.751500 0.488650 0.032400 0.119100
0 0.740750 0.304600 0.050700 0.111200
0 0.862800 0.493100 0.040400 0.139800
0 0.894500 0.246050 0.052200 0.082700
0 0.722450 0.330150 0.049300 0.178100
0 0.855150 0.412400 0.127900 0.460600
0 0.724600 0.394150 0.068400 0.355300
0 0.833500 0.267200 0.039000 0.040400
0 0.881550 0.281450 0.052900 0.143700
0 0.913950 0.389800 0.077900 0.427200
0 0.648150 0.276100 0.044900 0.190000
