0 0.687500 0.412350 0.079400 0.354300
0 0.601850 0.403550 0.133100 0.494100
0 0.816950 0.411450 0.101500 0.354300
0 0.753350 0.409900 0.066900 0.300200
0 0.901500 0.410450 0.083800 0.470500
0 0.728000 0.404550 0.036800 0.271700
0 0.530550 0.406450 0.021300 0.066900
0 0.988950 0.404500 0.022100 0.411400
0 0.857700 0.406000 0.052200 0.339600
0 0.852600 0.290350 0.043400 0.066900
0 0.783150 0.410950 0.076500 0.331700
0 0.852600 0.344500 0.043400 0.175200
0 0.778650 0.415800 0.035300 0.286400
0 0.733850 0.299650 0.023500 0.054100
