0 0.758050 0.626500 0.319100 0.599400
0 0.603700 0.584150 0.142600 0.306100
0 0.067650 0.454200 0.135300 0.587600
0 0.412100 0.447350 0.256600 0.892700
0 0.522100 0.312500 0.086800 0.398600
0 0.941900 0.413900 0.116200 0.723400
0 0.139700 0.392250 0.111800 0.595500
0 0.259550 0.392250 0.214700 0.770700
0 0.823500 0.303150 0.188200 0.421300
0 0.512500 0.581200 0.083800 0.251000
0 0.315100 0.380950 0.106600 0.708700
0 0.444100 0.576800 0.207400 0.275600
0 0.703000 0.315450 0.086800 0.081700
0 0.659150 0.516700 0.041900 0.114200
0 0.323550 0.168350 0.080900 0.269700
