0 0.829750 0.419250 0.066900 0.141700
0 0.518000 0.464550 0.109600 0.228300
0 0.607400 0.470450 0.041200 0.066900
0 0.719150 0.462050 0.026500 0.067900
0 0.681650 0.473400 0.039700 0.074800
0 0.652550 0.511300 0.049300 0.085600
0 0.579050 0.469550 0.037500 0.070900
0 0.652550 0.472400 0.049300 0.047200
0 0.569550 0.488200 0.044900 0.100400
0 0.581300 0.446900 0.034600 0.027600
0 0.638550 0.468000 0.025700 0.038400
0 0.557400 0.501450 0.036800 0.091500
0 0.803300 0.395150 0.014000 0.032500
0 0.663600 0.484250 0.039000 0.068900
0 0.551450 0.518250 0.027900 0.056100
0 0.670600 0.456200 0.020600 0.036400
0 0.665100 0.465050 0.034600 0.046300
