0 0.547100 0.412850 0.141200 0.516700
0 0.960650 0.422200 0.078700 0.387800
0 0.858450 0.415300 0.108100 0.385800
0 0.797050 0.426700 0.119100 0.440000
0 0.615750 0.406550 0.055100 0.407500
0 0.154050 0.500000 0.308100 0.990200
0 0.704750 0.411400 0.091900 0.362200
0 0.738600 0.402600 0.040400 0.362200
0 0.159550 0.442900 0.177900 0.710600
0 0.680200 0.426200 0.045600 0.340600
0 0.155200 0.609300 0.161800 0.313000
0 0.994500 0.278500 0.011000 0.212600
0 0.759150 0.422700 0.066900 0.386800
0 0.988600 0.421750 0.022800 0.382900
0 0.155550 0.619550 0.269900 0.506900
0 0.723200 0.275600 0.064000 0.110200
0 0.601050 0.224400 0.021300 0.047200
