0 0.072450 0.592050 0.144900 0.804100
0 0.673900 0.759400 0.652200 0.477400
0 0.245200 0.648600 0.290400 0.549200
0 0.555850 0.282950 0.194100 0.565900
0 0.385650 0.556650 0.128700 0.359300
0 0.458500 0.429150 0.093400 0.218500
0 0.850750 0.460650 0.298500 0.332700
0 0.203250 0.376500 0.155100 0.662400
0 0.425750 0.686550 0.227900 0.619100
0 0.511750 0.434050 0.198500 0.230300
0 0.441600 0.855300 0.259600 0.289400
0 0.979050 0.587150 0.041900 0.119100
0 0.651450 0.541800 0.098500 0.036400
0 0.404450 0.415400 0.022100 0.037400
0 0.978300 0.655000 0.043400 0.260800
