0 0.536050 0.448350 0.239700 0.892700
0 0.910650 0.434550 0.178700 0.867100
0 0.425000 0.397150 0.120600 0.682100
0 0.341550 0.387300 0.103700 0.611200
0 0.059200 0.395650 0.118400 0.694900
0 0.808800 0.402600 0.166200 0.775600
0 0.728250 0.333150 0.125700 0.642700
0 0.224250 0.408950 0.180900 0.817900
0 0.648500 0.452750 0.129400 0.696900
0 0.194450 0.609250 0.228700 0.480300
0 0.118000 0.347000 0.102200 0.526600
0 0.041200 0.021650 0.082400 0.043300
0 0.707300 0.455750 0.083800 0.381900
0 0.744100 0.136750 0.092600 0.253900
