0 0.491550 0.684550 0.341900 0.617100
0 0.762900 0.603350 0.318400 0.643700
0 0.404100 0.410450 0.334600 0.807100
0 0.659900 0.310100 0.122800 0.415400
0 0.784200 0.260300 0.159600 0.335600
0 0.167300 0.365100 0.184600 0.698800
0 0.955500 0.419300 0.089000 0.748000
0 0.307400 0.378000 0.136800 0.738200
0 0.912550 0.576300 0.105900 0.325800
0 0.845200 0.272650 0.122800 0.318900
0 0.501050 0.256900 0.166900 0.397600
0 0.270550 0.497050 0.110300 0.496100
0 0.309150 0.095950 0.116900 0.180100
0 0.824600 0.423250 0.181600 0.655500
0 0.472800 0.386300 0.207400 0.589600
0 0.873200 0.397150 0.034600 0.069900
0 0.656950 0.465600 0.041900 0.076800
