0 0.763600 0.634400 0.472800 0.727400
0 0.072050 0.577300 0.144100 0.825800
0 0.448550 0.674200 0.301500 0.647600
0 0.229800 0.612750 0.261000 0.756900
0 0.684550 0.524150 0.094100 0.221500
0 0.516900 0.676650 0.895600 0.646700
0 0.375700 0.611250 0.545600 0.767700
0 0.961000 0.459150 0.036800 0.032500
0 0.800800 0.456200 0.332400 0.373000
0 0.933450 0.696850 0.133100 0.507900
0 0.970950 0.521150 0.058100 0.158500
0 0.897800 0.392700 0.166200 0.189000
0 0.505900 0.762300 0.982400 0.475400
0 0.607700 0.400600 0.011000 0.009800
0 0.970200 0.694400 0.059600 0.512800
0 0.864750 0.358750 0.035300 0.054100
