0 0.508100 0.409950 0.229400 0.819900
0 0.658800 0.351850 0.013200 0.042300
0 0.646000 0.352300 0.014000 0.047200
0 0.803650 0.419250 0.180900 0.728300
0 0.725350 0.425650 0.050700 0.254900
0 0.879400 0.471950 0.241200 0.845500
0 0.857700 0.431650 0.043400 0.221500
0 0.855200 0.498100 0.041200 0.102400
0 0.628700 0.359750 0.017600 0.046300
0 0.616900 0.358800 0.017600 0.052200
0 0.851050 0.423750 0.075700 0.532500
0 0.602900 0.358250 0.033800 0.055100
0 0.861050 0.477350 0.176500 0.403500
0 0.595600 0.358300 0.029400 0.061000
0 0.752950 0.419250 0.102900 0.381900
0 0.850350 0.482800 0.103700 0.209600
0 0.708100 0.331200 0.017600 0.062000
