0 0.453650 0.493150 0.176500 0.407500
0 0.873200 0.587600 0.252200 0.448800
0 0.670600 0.804600 0.450000 0.386800
0 0.324700 0.638300 0.309600 0.237200
0 0.198150 0.454250 0.396300 0.882900
0 0.822800 0.280500 0.182400 0.389800
0 0.478700 0.235200 0.188200 0.360200
0 0.687500 0.622550 0.417600 0.504900
0 0.951450 0.433050 0.097100 0.771700
0 0.236050 0.352850 0.219100 0.705700
0 0.217650 0.120100 0.152900 0.240200
0 0.898900 0.255400 0.056600 0.201800
0 0.584200 0.412900 0.077200 0.085600
0 0.891550 0.315400 0.091900 0.312000
0 0.951850 0.217500 0.096300 0.340600
0 0.643750 0.511850 0.324300 0.283500
