0 0.477900 0.363150 0.183800 0.716500
0 0.070600 0.495500 0.141200 0.959600
0 0.261800 0.373500 0.111800 0.739200
0 0.836050 0.433550 0.202900 0.867100
0 0.331300 0.389300 0.118400 0.627000
0 0.195200 0.412450 0.181600 0.820900
0 0.679800 0.488700 0.289000 0.963600
0 0.968750 0.386300 0.062500 0.686000
0 0.915450 0.458100 0.105900 0.497000
0 0.582700 0.581200 0.122800 0.302200
0 0.829750 0.616200 0.212500 0.352400
0 0.664000 0.597900 0.261800 0.323800
0 0.580850 0.376000 0.105900 0.665400
0 0.740450 0.404050 0.027900 0.069900
0 0.113250 0.548700 0.051500 0.286400
0 0.025750 0.021650 0.051500 0.043300
0 0.597850 0.090550 0.047100 0.092500
0 0.094900 0.093500 0.075000 0.187000
0 0.920200 0.277550 0.059600 0.120100
0 0.105500 0.377500 0.114000 0.753000
0 0.086800 0.019200 0.057400 0.038400
0 0.770950 0.407050 0.044900 0.095500
0 0.119500 0.119100 0.031600 0.076800
0 0.942250 0.546250 0.112500 0.358300
0 0.737150 0.426150 0.303700 0.580700
0 0.786000 0.415850 0.104400 0.556100
0 0.613900 0.699350 0.067600 0.083700
0 0.109250 0.496600 0.069900 0.589600
0 0.886450 0.226900 0.119900 0.290400
0 0.102900 0.129900 0.063200 0.100400
