0 0.437500 0.398100 0.154400 0.676200
0 0.210650 0.364150 0.133100 0.728300
0 0.900350 0.435550 0.174300 0.859300
0 0.105150 0.457650 0.210300 0.765700
0 0.808400 0.401100 0.136000 0.774600
0 0.626850 0.440000 0.274300 0.874000
0 0.290050 0.369150 0.074300 0.594500
0 0.345200 0.391250 0.122800 0.630900
0 0.534900 0.364650 0.118400 0.682100
0 0.510650 0.131400 0.075700 0.150600
0 0.591200 0.430150 0.104400 0.844500
0 0.028700 0.418300 0.057400 0.651600
0 0.975000 0.444850 0.050000 0.818900
0 0.554400 0.104800 0.075000 0.174200
0 0.985300 0.334650 0.029400 0.578700
0 0.766600 0.090000 0.059600 0.160400
0 0.532000 0.481250 0.084600 0.429100
0 0.283850 0.130900 0.039700 0.124000
0 0.016550 0.510350 0.033100 0.483300
0 0.580950 0.476850 0.072100 0.491100
0 0.748900 0.389300 0.102200 0.772600
0 0.803300 0.103400 0.127200 0.189000
0 0.057000 0.021650 0.114000 0.043300
0 0.719900 0.417300 0.220600 0.834600
0 0.511750 0.241650 0.076500 0.369100
0 0.279750 0.235750 0.049300 0.329700
