0 0.565400 0.475950 0.320600 0.934100
0 0.206300 0.422200 0.093400 0.535400
0 0.087850 0.506900 0.175700 0.972400
0 0.305500 0.447350 0.256600 0.890700
0 0.815750 0.317900 0.200700 0.602400
0 0.449300 0.431600 0.129400 0.810000
0 0.703700 0.069400 0.107400 0.138800
0 0.712850 0.373550 0.153700 0.741100
0 0.906250 0.392700 0.069900 0.435000
0 0.864650 0.190450 0.152900 0.355300
0 0.874300 0.347450 0.132400 0.503900
0 0.916850 0.269650 0.048500 0.169300
0 0.715100 0.150600 0.131600 0.301200
0 0.778300 0.167800 0.122800 0.310000
0 0.835700 0.659450 0.327200 0.458700
0 0.603300 0.626950 0.793400 0.718500
0 0.250400 0.430650 0.184600 0.621100
0 0.213250 0.560550 0.080900 0.282500
