0 0.573550 0.480300 0.376500 0.960600
0 0.433800 0.453800 0.154400 0.590600
0 0.752900 0.432100 0.270600 0.860200
0 0.895950 0.399650 0.208100 0.744100
0 0.048150 0.414400 0.096300 0.726400
0 0.111800 0.448300 0.111800 0.800200
0 0.204750 0.456750 0.274300 0.907500
0 0.816850 0.622050 0.227900 0.358300
0 0.391550 0.438950 0.071300 0.555100
0 0.716550 0.607800 0.244900 0.310000
0 0.583800 0.517200 0.033800 0.172200
0 0.632650 0.628900 0.280100 0.374000
0 0.754750 0.589100 0.121300 0.286400
0 0.407700 0.599950 0.081600 0.221500
0 0.916150 0.622000 0.127900 0.324800
