0 0.433100 0.594950 0.225000 0.241100
0 0.875350 0.601400 0.249300 0.324800
0 0.732350 0.571400 0.185300 0.237200
0 0.962150 0.334650 0.075700 0.253900
0 0.646300 0.523650 0.242600 0.253900
0 0.480500 0.531450 0.215400 0.291300
0 0.884950 0.352900 0.105100 0.201800
0 0.880150 0.494600 0.239700 0.213600
0 0.927950 0.638300 0.144100 0.253000
0 0.779050 0.498050 0.312500 0.230300
0 0.479800 0.450850 0.214000 0.133900
0 0.844500 0.451250 0.156600 0.121100
0 0.690050 0.469500 0.155100 0.149600
0 0.805200 0.511850 0.116200 0.208700
0 0.858050 0.425200 0.105900 0.065000
0 0.927200 0.490700 0.145600 0.613200
0 0.918750 0.353900 0.071300 0.201800
0 0.958450 0.449300 0.083100 0.060000
