0 0.671000 0.572800 0.334600 0.689000
0 0.163550 0.637350 0.325700 0.609300
0 0.452900 0.502900 0.158800 0.437000
0 0.909950 0.420750 0.180100 0.782500
0 0.310300 0.412900 0.241200 0.825800
0 0.825750 0.280500 0.180900 0.385800
0 0.837850 0.511750 0.237500 0.515700
0 0.151800 0.305100 0.202200 0.600400
0 0.574600 0.543800 0.136000 0.465600
0 0.336750 0.613700 0.155900 0.410400
0 0.048900 0.632400 0.097800 0.361200
0 0.586400 0.451250 0.097800 0.292300
0 0.201850 0.418850 0.324300 0.833700
0 0.391900 0.514700 0.154400 0.409400
0 0.136800 0.159950 0.170600 0.315900
0 0.653350 0.460150 0.237500 0.343500
0 0.911400 0.635300 0.177200 0.351400
0 0.050750 0.527550 0.101500 0.167300
0 0.050350 0.431150 0.100700 0.694900
