0 0.609550 0.408500 0.105900 0.488200
0 0.810650 0.425200 0.137500 0.549200
0 0.542250 0.395150 0.175700 0.621100
0 0.719900 0.416350 0.066200 0.316900
0 0.680500 0.430600 0.084600 0.361200
0 0.912100 0.413900 0.081600 0.323800
0 0.957000 0.370100 0.086000 0.651600
0 0.891600 0.394650 0.043400 0.281500
0 0.737150 0.301700 0.019900 0.040400
0 0.768000 0.494100 0.065400 0.137800
0 0.749250 0.491600 0.030900 0.127000
0 0.740850 0.308550 0.012500 0.028500
0 0.893000 0.305650 0.043400 0.107300
0 0.776400 0.495050 0.092600 0.133900
0 0.729450 0.298250 0.026500 0.033500
0 0.925000 0.268650 0.025000 0.041300
0 0.943000 0.417800 0.068400 0.351400
0 0.741900 0.410950 0.045600 0.292300
