0 0.870150 0.514300 0.030100 0.040400
0 0.590450 0.553650 0.060300 0.069900
0 0.766500 0.606800 0.072800 0.048200
0 0.505900 0.518250 0.025000 0.056100
0 0.901100 0.550700 0.056600 0.052200
0 0.656300 0.583150 0.059600 0.067900
0 0.865100 0.603300 0.068400 0.049200
0 0.714400 0.611750 0.034600 0.046300
0 0.914700 0.605800 0.038200 0.052200
0 0.972800 0.508850 0.025000 0.029500
0 0.994100 0.505400 0.011800 0.034400
0 0.983100 0.509800 0.033800 0.037400
0 0.995200 0.528600 0.009600 0.076800
0 0.716200 0.277500 0.017600 0.023600
0 0.990450 0.496600 0.019100 0.052200
0 0.990450 0.520200 0.019100 0.060000
