0 0.793700 0.437500 0.186000 0.873000
0 0.430900 0.389300 0.175000 0.713600
0 0.926450 0.416850 0.147100 0.743100
0 0.188600 0.490650 0.368400 0.979300
0 0.065800 0.418300 0.131600 0.702800
0 0.595550 0.478350 0.327900 0.954700
0 0.652250 0.587600 0.147100 0.322800
0 0.827600 0.585100 0.209600 0.286400
0 0.876500 0.337100 0.045600 0.274600
0 0.781600 0.581150 0.308800 0.315900
0 0.283850 0.418800 0.177900 0.835600
0 0.835350 0.423250 0.126500 0.667300
0 0.736350 0.597950 0.300700 0.343500
0 0.886050 0.391750 0.101500 0.604300
0 0.228700 0.629900 0.236800 0.364200
