0 0.526500 0.431600 0.208800 0.861200
0 0.400000 0.379450 0.138200 0.754900
0 0.765400 0.380900 0.113200 0.490200
0 0.104350 0.413350 0.173500 0.667300
0 0.911350 0.482750 0.175700 0.878900
0 0.224250 0.479800 0.352900 0.959600
0 0.044100 0.478350 0.088200 0.807100
0 0.756250 0.573800 0.349300 0.364200
0 0.857650 0.355300 0.105100 0.649600
0 0.664350 0.338100 0.105100 0.552200
0 0.462900 0.076300 0.052200 0.087600
0 0.869100 0.132850 0.083800 0.218500
0 0.443050 0.378450 0.091900 0.731300
0 0.822050 0.101850 0.039700 0.132900
0 0.834900 0.136350 0.064000 0.205700
0 0.712150 0.473400 0.500700 0.775600
0 0.439300 0.621500 0.065400 0.249000
0 0.324950 0.401550 0.244100 0.803100
0 0.831950 0.433600 0.200700 0.764800
0 0.397450 0.105800 0.108100 0.211600
0 0.611400 0.324750 0.186000 0.566900
