0 0.511000 0.438500 0.283800 0.877000
0 0.310600 0.419300 0.186000 0.838600
0 0.926850 0.407500 0.146300 0.675200
0 0.771350 0.388250 0.147100 0.707700
0 0.847750 0.390750 0.102900 0.596500
0 0.208050 0.378950 0.155900 0.755900
0 0.695600 0.405500 0.091200 0.488200
0 0.026100 0.404050 0.052200 0.654500
0 0.636050 0.317450 0.064700 0.595500
0 0.862500 0.174150 0.032400 0.078700
0 0.439350 0.374050 0.141900 0.746100
0 0.587850 0.319900 0.130100 0.590600
0 0.880500 0.397150 0.068400 0.544300
0 0.415850 0.511850 0.069900 0.444900
0 0.970600 0.410450 0.058800 0.667300
0 0.471650 0.523200 0.158100 0.402600
0 0.540800 0.522650 0.036000 0.167300
0 0.634600 0.069350 0.029400 0.107300
0 0.656600 0.403500 0.032400 0.423200
0 0.194500 0.108800 0.040400 0.101400
