0 0.254750 0.585600 0.178700 0.261800
0 0.388250 0.489650 0.114700 0.256900
0 0.634500 0.593500 0.167600 0.248000
0 0.916900 0.598950 0.166200 0.233300
0 0.464350 0.463600 0.103700 0.236200
0 0.741200 0.563000 0.138200 0.222400
0 0.860650 0.531500 0.100700 0.224400
0 0.939700 0.427200 0.120600 0.126000
0 0.906250 0.494600 0.187500 0.253000
0 0.989350 0.426200 0.021300 0.126000
0 0.465750 0.585650 0.196300 0.094500
0 0.718050 0.501450 0.094900 0.095500
0 0.752200 0.614650 0.113200 0.119100
0 0.957000 0.644250 0.086000 0.146700
0 0.991550 0.453750 0.016900 0.070900
