0 0.684600 0.402500 0.111800 0.409400
0 0.586350 0.415350 0.125700 0.419300
0 0.745250 0.400150 0.058100 0.258900
0 0.958100 0.405500 0.083800 0.472400
0 0.853300 0.385350 0.061000 0.321900
0 0.823900 0.405000 0.039000 0.176200
0 0.891200 0.396200 0.088200 0.365200
0 0.761000 0.376950 0.045600 0.220500
0 0.926150 0.407000 0.053700 0.402600
0 0.726450 0.395200 0.035300 0.239200
0 0.839700 0.403100 0.036800 0.190000
0 0.930150 0.253900 0.027900 0.051200
0 0.719500 0.397650 0.077200 0.370100
0 0.776100 0.393250 0.018400 0.168300
0 0.928700 0.317450 0.036800 0.180100
0 0.981250 0.404050 0.037500 0.471500
