0 0.423950 0.449300 0.283100 0.898600
0 0.280850 0.406500 0.198500 0.813000
0 0.758050 0.621550 0.314700 0.609300
0 0.119800 0.386800 0.179400 0.626000
0 0.545950 0.539350 0.096300 0.330700
0 0.787150 0.238650 0.158100 0.294300
0 0.940050 0.321850 0.119900 0.507900
0 0.623550 0.522700 0.173500 0.401600
0 0.893800 0.296700 0.084600 0.398600
0 0.833450 0.486700 0.199300 0.361200
0 0.893050 0.188450 0.083100 0.182100
0 0.190400 0.419250 0.063200 0.431100
0 0.569050 0.504950 0.052900 0.120100
0 0.489750 0.554150 0.201500 0.346500
0 0.229450 0.448800 0.126500 0.399600
0 0.907300 0.501500 0.179400 0.426200
0 0.875000 0.334600 0.229400 0.549200
