0 0.634950 0.394650 0.033100 0.118100
0 0.726150 0.394150 0.028700 0.117100
0 0.662150 0.401050 0.028700 0.119100
0 0.608850 0.398650 0.026500 0.094500
0 0.702900 0.400550 0.042600 0.153500
0 0.462900 0.406500 0.284600 0.813000
0 0.031600 0.481850 0.063200 0.495100
0 0.678300 0.364700 0.018400 0.052200
0 0.684150 0.396200 0.025700 0.127000
0 0.209900 0.407950 0.243400 0.695900
0 0.618750 0.396200 0.016900 0.099400
0 0.683450 0.423200 0.021300 0.061000
0 0.716550 0.399650 0.024300 0.131900
0 0.672100 0.396650 0.025000 0.108300
0 0.718400 0.345450 0.013200 0.019700
0 0.646350 0.398150 0.019100 0.109300
0 0.617600 0.361750 0.013200 0.020700
