0 0.932700 0.447800 0.134600 0.813000
0 0.812550 0.399150 0.151500 0.780500
0 0.166500 0.364150 0.136000 0.728300
0 0.059550 0.381400 0.119100 0.709600
0 0.659550 0.437050 0.210300 0.870100
0 0.354800 0.389800 0.109600 0.637800
0 0.425750 0.398150 0.160300 0.678100
0 0.250400 0.401100 0.181600 0.798200
0 0.531300 0.375450 0.118400 0.717500
0 0.315400 0.120550 0.045600 0.107300
0 0.514750 0.156550 0.085300 0.194900
0 0.353650 0.148100 0.064700 0.150600
0 0.573900 0.377500 0.089000 0.751000
0 0.164300 0.123500 0.131600 0.247000
0 0.311000 0.093950 0.036800 0.056100
0 0.565100 0.153100 0.084600 0.300200
0 0.754050 0.385800 0.058100 0.748000
0 0.530150 0.516300 0.073500 0.414400
0 0.768400 0.097400 0.050000 0.163400
0 0.038600 0.022150 0.077200 0.044300
0 0.566150 0.069950 0.080900 0.133900
