0 0.123550 0.494600 0.247100 0.985200
0 0.343450 0.412900 0.272100 0.823800
0 0.644550 0.591050 0.174300 0.296300
0 0.627900 0.321400 0.154400 0.465600
0 0.812500 0.444400 0.258800 0.884800
0 0.951450 0.425150 0.097100 0.755900
0 0.785650 0.627950 0.316900 0.246100
0 0.209200 0.455250 0.093400 0.467500
0 0.462500 0.615100 0.145600 0.248000
0 0.875000 0.440450 0.050000 0.130900
0 0.716200 0.163400 0.066200 0.065000
0 0.716600 0.242150 0.068400 0.228300
0 0.164700 0.712100 0.329400 0.510800
0 0.379450 0.606300 0.314700 0.287400
0 0.854400 0.456650 0.291200 0.429100
0 0.275750 0.516250 0.455900 0.516700
0 0.256300 0.373000 0.209600 0.738200
0 0.688550 0.605350 0.125700 0.208700
0 0.866850 0.443950 0.173500 0.257900
0 0.065050 0.654000 0.130100 0.686000
