0 0.629350 0.397600 0.152900 0.472400
0 0.772100 0.423700 0.111800 0.436000
0 0.911000 0.396700 0.170600 0.476400
0 0.833450 0.418250 0.069900 0.291300
0 0.807000 0.392700 0.052200 0.261800
0 0.970250 0.425200 0.058100 0.226400
0 0.940100 0.417800 0.114000 0.290400
0 0.801500 0.305600 0.041200 0.134800
0 0.863250 0.421750 0.080900 0.292300
0 0.817600 0.320400 0.038200 0.101400
0 0.988950 0.407450 0.022100 0.043300
0 0.979800 0.411400 0.039000 0.147600
0 0.795650 0.265300 0.022100 0.052200
0 0.988250 0.405950 0.023500 0.054100
