0 0.081600 0.455250 0.163200 0.754900
0 0.554800 0.473450 0.256600 0.944900
0 0.473850 0.447800 0.112500 0.700800
0 0.377600 0.451250 0.134600 0.892700
0 0.263950 0.452700 0.222100 0.897600
0 0.182700 0.373050 0.106600 0.744100
0 0.651150 0.379950 0.119900 0.755900
0 0.671700 0.522100 0.097800 0.459600
0 0.828700 0.503500 0.342600 0.989200
0 0.066150 0.026550 0.130900 0.053100
0 0.211000 0.043300 0.038200 0.086600
0 0.194850 0.201800 0.072100 0.399600
0 0.425400 0.404000 0.106600 0.749000
0 0.368000 0.685000 0.118400 0.411400
0 0.403700 0.242650 0.082400 0.483300
0 0.205900 0.075300 0.050000 0.148600
0 0.709950 0.403550 0.337500 0.807100
