0 0.676500 0.389750 0.100000 0.458700
0 0.588550 0.404050 0.146300 0.471500
0 0.815500 0.387300 0.091200 0.363200
0 0.738200 0.406500 0.063200 0.315000
0 0.771750 0.403100 0.053700 0.314000
0 0.904000 0.393200 0.106600 0.477400
0 0.958450 0.397100 0.046300 0.312000
0 0.950000 0.276050 0.033800 0.093500
0 0.863550 0.301650 0.030100 0.132900
0 0.860300 0.377400 0.042600 0.347400
0 0.859250 0.457250 0.024300 0.071900
0 0.871350 0.492150 0.047100 0.253900
0 0.767250 0.287350 0.030100 0.078700
0 0.933800 0.426650 0.091200 0.319900
0 0.862850 0.400600 0.083100 0.450800
0 0.864700 0.265800 0.032400 0.065000
