0 0.285250 0.451750 0.260300 0.895700
0 0.592250 0.463150 0.199300 0.920300
0 0.095950 0.447800 0.191900 0.775600
0 0.502900 0.415350 0.145600 0.830700
0 0.819500 0.491650 0.356600 0.943900
0 0.380900 0.458150 0.136800 0.817900
0 0.203700 0.223450 0.058800 0.444900
0 0.454350 0.405050 0.073500 0.619100
0 0.659900 0.413900 0.111000 0.802200
0 0.200700 0.382900 0.095600 0.759800
0 0.964700 0.504900 0.070600 0.925200
0 0.033800 0.418850 0.066200 0.758900
0 0.971700 0.267250 0.056600 0.434100
0 0.454350 0.145650 0.052900 0.096500
0 0.425400 0.374500 0.084600 0.699800
0 0.213600 0.043800 0.040400 0.087600
0 0.608450 0.570850 0.208100 0.405500
0 0.074650 0.021650 0.133100 0.043300
0 0.676050 0.571900 0.075700 0.415400
0 0.682300 0.485750 0.217600 0.955700
0 0.206250 0.101850 0.053700 0.203700
0 0.291200 0.675250 0.208800 0.446900
0 0.970600 0.394250 0.058800 0.184100
0 0.967300 0.470500 0.065400 0.378000
0 0.453650 0.548250 0.060300 0.346500
