0 0.870550 0.409500 0.139700 0.214600
0 0.709950 0.638250 0.341900 0.357300
0 0.229350 0.691400 0.073500 0.075800
0 0.259200 0.899600 0.072800 0.139800
0 0.493350 0.898200 0.055900 0.152600
0 0.147100 0.860750 0.104400 0.103300
0 0.322450 0.860750 0.055100 0.105300
0 0.915850 0.702750 0.062500 0.096500
0 0.884550 0.754950 0.064700 0.057100
0 0.462500 0.871050 0.045600 0.104300
0 0.767700 0.723450 0.070600 0.055100
0 0.546000 0.916300 0.068400 0.110200
0 0.969450 0.806600 0.050700 0.113200
0 0.986750 0.737200 0.026500 0.072800
0 0.237200 0.785400 0.059600 0.051200
0 0.661000 0.741100 0.091200 0.086600
0 0.981600 0.758350 0.036800 0.121100
0 0.641950 0.730300 0.055900 0.065000
