0 0.462500 0.418750 0.138200 0.191900
0 0.205100 0.516700 0.033800 0.047200
0 0.143750 0.523650 0.037500 0.033500
0 0.261400 0.525550 0.018400 0.031500
0 0.093700 0.538900 0.040400 0.026600
0 0.337850 0.477850 0.028700 0.032500
0 0.071000 0.517200 0.034600 0.038400
0 0.386800 0.489150 0.020600 0.021700
0 0.005900 0.519700 0.011800 0.037400
0 0.081300 0.537900 0.018400 0.022600
0 0.213250 0.518200 0.019100 0.038400
0 0.013600 0.524550 0.027200 0.053100
0 0.104000 0.538850 0.022800 0.020700
0 0.083800 0.533000 0.058800 0.040400
