0 0.566850 0.282950 0.098500 0.371100
0 0.837100 0.280000 0.089000 0.335600
0 0.742650 0.282050 0.123500 0.471500
0 0.658850 0.272600 0.060300 0.322800
0 0.609550 0.253900 0.072100 0.334600
0 0.632750 0.251950 0.050700 0.318900
0 0.786450 0.243600 0.053700 0.388800
0 0.684950 0.266250 0.062500 0.355300
0 0.668400 0.140250 0.029400 0.054100
0 0.986050 0.323800 0.027900 0.100400
0 0.852600 0.327800 0.056600 0.187000
0 0.634600 0.186050 0.036800 0.167300
0 0.637500 0.135300 0.032400 0.062000
0 0.865850 0.312500 0.028700 0.138800
0 0.707750 0.300700 0.066900 0.426200
0 0.788600 0.314950 0.036000 0.153500
0 0.569850 0.377000 0.026500 0.124000
