0 0.668050 0.536900 0.187500 0.201800
0 0.429800 0.648150 0.039000 0.046300
0 0.722050 0.705250 0.027900 0.058100
0 0.644150 0.706200 0.044100 0.060000
0 0.462850 0.607300 0.028700 0.035400
0 0.154800 0.578750 0.040400 0.043300
0 0.368700 0.632900 0.036000 0.035400
0 0.396300 0.601350 0.025000 0.033500
0 0.561050 0.647650 0.035300 0.043300
0 0.506950 0.604300 0.021300 0.037400
0 0.505550 0.640250 0.033100 0.042300
0 0.114000 0.515200 0.036800 0.036400
0 0.018000 0.547750 0.036000 0.030500
0 0.609950 0.687550 0.019900 0.044300
0 0.483850 0.639750 0.026500 0.031500
0 0.983800 0.534400 0.032400 0.112200
0 0.502200 0.621050 0.038200 0.066900
0 0.538550 0.634800 0.016900 0.023600
0 0.938250 0.486200 0.047100 0.061000
