0 0.369500 0.462050 0.140400 0.367100
0 0.701850 0.583650 0.024300 0.043300
0 0.602950 0.569850 0.030900 0.031500
0 0.637500 0.578200 0.033800 0.034400
0 0.744450 0.612700 0.021300 0.040400
0 0.801050 0.624500 0.030100 0.052200
0 0.169100 0.493650 0.038200 0.044300
0 0.257750 0.492100 0.019900 0.035400
0 0.462150 0.531450 0.037500 0.043300
0 0.460650 0.652550 0.025700 0.055100
0 0.495250 0.522150 0.012500 0.030500
0 0.649250 0.595000 0.026500 0.026600
0 0.714700 0.599450 0.016200 0.017700
0 0.101100 0.532950 0.031600 0.032500
0 0.766950 0.636300 0.035300 0.022600
0 0.565800 0.633850 0.018400 0.033500
0 0.493050 0.529500 0.021300 0.047200
0 0.511750 0.585100 0.030900 0.038400
0 0.709600 0.595950 0.029400 0.032500
0 0.758800 0.632350 0.017600 0.016700
0 0.718350 0.604400 0.026500 0.027600
0 0.540400 0.623500 0.025000 0.040400
0 0.568000 0.624500 0.027200 0.052200
0 0.093750 0.475900 0.028700 0.062000
0 0.620950 0.586600 0.041900 0.035400
0 0.161050 0.490650 0.023500 0.030500
0 0.636800 0.591550 0.036800 0.031500
0 0.749650 0.627500 0.030100 0.036400
