0 0.304400 0.332200 0.607400 0.664400
0 0.759200 0.334200 0.036000 0.077800
0 0.708450 0.339050 0.037500 0.054100
0 0.591600 0.315450 0.034600 0.044300
0 0.637150 0.317450 0.037500 0.058100
0 0.289650 0.032000 0.052900 0.064000
0 0.647050 0.320900 0.023500 0.039400
0 0.286050 0.064950 0.069100 0.129900
0 0.650000 0.313950 0.016200 0.019700
0 0.625700 0.313000 0.016200 0.051200
0 0.582000 0.311500 0.015400 0.036400
0 0.747750 0.333650 0.014700 0.070900
0 0.318400 0.147650 0.138200 0.295300
0 0.026850 0.021650 0.053700 0.041300
0 0.315800 0.036900 0.109600 0.073800
0 0.626500 0.299200 0.011800 0.023600
0 0.747800 0.310050 0.013200 0.031500
