0 0.521300 0.282450 0.132400 0.468500
0 0.770250 0.298200 0.083100 0.322800
0 0.863250 0.302150 0.085300 0.332700
0 0.677250 0.298200 0.135300 0.464600
0 0.832350 0.304100 0.051500 0.322800
0 0.645600 0.330750 0.082400 0.267700
0 0.798150 0.266300 0.028700 0.152600
0 0.832750 0.195900 0.041900 0.074800
0 0.795200 0.211100 0.015400 0.038400
0 0.795250 0.228300 0.021300 0.074800
0 0.627900 0.307050 0.045600 0.216500
0 0.879000 0.358800 0.047800 0.162400
0 0.797050 0.299200 0.035300 0.289400
0 0.984250 0.220500 0.019900 0.013800
0 0.832300 0.238200 0.042600 0.163400
