0 0.570250 0.429150 0.119900 0.104300
0 0.441550 0.452750 0.091900 0.108300
0 0.328300 0.374500 0.040400 0.064000
0 0.757350 0.350850 0.080900 0.093500
0 0.193750 0.350850 0.041900 0.056100
0 0.852200 0.348950 0.045600 0.056100
0 0.162850 0.330700 0.049300 0.039400
0 0.565800 0.296800 0.022800 0.012800
0 0.734150 0.359750 0.033100 0.067900
0 0.143750 0.328250 0.012500 0.018700
0 0.970950 0.100850 0.058100 0.107300
0 0.771650 0.334600 0.055100 0.063000
0 0.969500 0.145150 0.061000 0.195900
0 0.565750 0.302650 0.025700 0.028500
