0 0.667250 0.300150 0.121300 0.366100
0 0.824700 0.278050 0.134600 0.455700
0 0.729050 0.282000 0.069900 0.300200
0 0.561750 0.300700 0.098500 0.410400
0 0.762150 0.286450 0.033100 0.244100
0 0.706250 0.283000 0.046300 0.300200
0 0.868750 0.321350 0.049300 0.292300
0 0.757700 0.194850 0.018400 0.045300
0 0.842300 0.309000 0.089000 0.297200
0 0.686750 0.169300 0.023500 0.039400
0 0.754450 0.285950 0.076500 0.266700
0 0.878650 0.316450 0.044100 0.119100
0 0.756600 0.229300 0.025000 0.112200
0 0.883500 0.310100 0.034600 0.065000
