0 0.680100 0.499050 0.525000 0.992100
0 0.352550 0.446400 0.221300 0.886800
0 0.230850 0.370550 0.123500 0.733300
0 0.762500 0.499000 0.095600 0.423200
0 0.462200 0.566950 0.109600 0.541300
0 0.182000 0.293800 0.097800 0.587600
0 0.086050 0.502450 0.172100 0.995100
0 0.146700 0.354300 0.102200 0.700800
0 0.132350 0.519700 0.055900 0.334600
0 0.120200 0.485750 0.086000 0.666300
0 0.768700 0.359750 0.327200 0.719500
0 0.395900 0.564950 0.240400 0.521700
0 0.283800 0.498050 0.567600 0.996100
0 0.172050 0.468450 0.097100 0.478300
0 0.220250 0.373500 0.274300 0.747000
0 0.443750 0.420800 0.199300 0.839600
