0 0.217300 0.260350 0.143400 0.518700
0 0.410300 0.271650 0.141200 0.531500
0 0.645600 0.245050 0.013200 0.043300
0 0.617300 0.248500 0.014000 0.050200
0 0.633050 0.246050 0.014700 0.041300
0 0.604050 0.262250 0.019900 0.054100
0 0.632700 0.284950 0.031600 0.046300
0 0.632050 0.250500 0.024300 0.060000
0 0.597850 0.278050 0.022100 0.056100
0 0.605200 0.246600 0.011800 0.024600
0 0.609200 0.246050 0.015400 0.033500
0 0.611450 0.253500 0.024300 0.052200
0 0.642350 0.262800 0.019900 0.072800
0 0.605550 0.267250 0.041900 0.069900
