0 0.291850 0.506950 0.052900 0.033500
0 0.615850 0.488650 0.033100 0.028500
0 0.501450 0.498050 0.039700 0.033500
0 0.418750 0.435550 0.016900 0.028500
0 0.504800 0.471400 0.031600 0.023600
0 0.477550 0.470950 0.033100 0.028500
0 0.766200 0.499550 0.038200 0.030500
0 0.566200 0.450850 0.041200 0.021700
0 0.477550 0.460600 0.030100 0.023600
0 0.365850 0.483300 0.033100 0.027600
0 0.491150 0.497100 0.023500 0.027600
0 0.672450 0.286400 0.012500 0.009800
0 0.480500 0.481350 0.031600 0.031500
0 0.489300 0.464100 0.031600 0.024600
0 0.469150 0.463650 0.023500 0.021700
