0 0.623500 0.273650 0.091200 0.381900
0 0.546350 0.294750 0.110300 0.420300
0 0.729800 0.291350 0.127200 0.466500
0 0.821350 0.288400 0.060300 0.248000
0 0.791550 0.269200 0.078700 0.365200
0 0.759600 0.106350 0.025000 0.045300
0 0.978700 0.351900 0.042600 0.288400
0 0.780500 0.147700 0.059600 0.128000
0 0.695600 0.109250 0.032400 0.057100
0 0.952200 0.316450 0.095600 0.353300
0 0.813200 0.228300 0.066200 0.159400
0 0.694500 0.254900 0.065400 0.372000
0 0.766900 0.125000 0.041200 0.084600
0 0.691150 0.183100 0.048500 0.212600
0 0.767300 0.234750 0.068400 0.321900
