0 0.088600 0.480800 0.177200 0.227400
0 0.457000 0.631850 0.356600 0.255900
0 0.282700 0.521700 0.093400 0.065000
0 0.348150 0.907950 0.055100 0.146700
0 0.578350 0.892750 0.044900 0.133900
0 0.826850 0.805050 0.053700 0.078700
0 0.223950 0.757900 0.069900 0.049200
0 0.930900 0.816400 0.042600 0.097400
0 0.487550 0.440400 0.055900 0.060000
0 0.548600 0.492150 0.082400 0.055100
0 0.495550 0.428600 0.039700 0.036400
0 0.433500 0.149150 0.022800 0.042300
0 0.465450 0.454200 0.022100 0.048200
0 0.504000 0.421250 0.022800 0.021700
