0 0.907300 0.497050 0.033800 0.045300
0 0.871750 0.508900 0.028700 0.051200
0 0.847450 0.482300 0.030100 0.035400
0 0.713300 0.508800 0.032400 0.047200
0 0.888950 0.473900 0.026500 0.040400
0 0.472800 0.703250 0.104400 0.121100
0 0.830550 0.518650 0.044900 0.041300
0 0.936450 0.491600 0.024300 0.038400
0 0.585250 0.499500 0.044100 0.038400
0 0.677900 0.537850 0.045600 0.044300
0 0.677200 0.507450 0.045600 0.046300
0 0.688950 0.498500 0.026500 0.034400
0 0.666500 0.502400 0.031600 0.034400
0 0.692250 0.492600 0.016900 0.022600
0 0.881600 0.484250 0.033800 0.057100
0 0.916600 0.481250 0.014000 0.017700
0 0.672750 0.286900 0.014700 0.012800
0 0.915050 0.488700 0.019900 0.034400
0 0.983100 0.221900 0.016200 0.010800
