0 0.890800 0.515700 0.036000 0.047200
0 0.703700 0.527100 0.050000 0.038400
0 0.238550 0.633350 0.080100 0.083700
0 0.260700 0.571800 0.072800 0.061000
0 0.807000 0.479800 0.031600 0.038400
0 0.536800 0.595000 0.070600 0.062000
0 0.892300 0.475400 0.027200 0.037400
0 0.348200 0.624050 0.077200 0.066900
0 0.511000 0.452200 0.029400 0.034400
0 0.574650 0.462600 0.025700 0.023600
0 0.664000 0.569450 0.061800 0.058100
0 0.791150 0.524100 0.047100 0.036400
0 0.847000 0.551650 0.058800 0.042300
0 0.056250 0.559500 0.071300 0.060000
0 0.354750 0.485700 0.050700 0.036400
0 0.494850 0.490150 0.030900 0.033500
0 0.673850 0.461150 0.025700 0.030500
0 0.934900 0.497600 0.022800 0.026600
0 0.659600 0.464050 0.054400 0.032500
0 0.934550 0.506400 0.027900 0.048200
0 0.423100 0.576300 0.036000 0.022600
0 0.646650 0.467050 0.030100 0.016700
0 0.672050 0.287900 0.014700 0.012800
