0 0.064700 0.526050 0.063200 0.044300
0 0.790450 0.472900 0.019100 0.024600
0 0.437150 0.475900 0.055100 0.040400
0 0.597800 0.470000 0.042600 0.024600
0 0.689300 0.483800 0.036000 0.024600
0 0.731650 0.496550 0.055900 0.030500
0 0.637900 0.534400 0.022800 0.035400
0 0.923200 0.474400 0.034600 0.023600
0 0.716550 0.278000 0.012500 0.010800
0 0.210350 0.472400 0.022100 0.025600
0 0.814750 0.261800 0.010300 0.009800
0 0.717650 0.497500 0.027900 0.024600
0 0.746300 0.489150 0.036800 0.017700
0 0.258400 0.379450 0.011000 0.018700
0 0.711800 0.490100 0.032400 0.023600
