0 0.205900 0.551200 0.070600 0.065000
0 0.090450 0.512250 0.052900 0.065900
0 0.400000 0.481350 0.045600 0.045300
0 0.589350 0.557100 0.062500 0.063000
0 0.477250 0.498000 0.047100 0.047200
0 0.280550 0.495050 0.066900 0.053100
0 0.369900 0.538350 0.061800 0.055100
0 0.184150 0.490150 0.021300 0.031500
0 0.020650 0.471450 0.026500 0.057100
0 0.596700 0.510850 0.052200 0.045300
0 0.253650 0.489200 0.027900 0.035400
0 0.512500 0.499000 0.041200 0.047200
0 0.716200 0.277500 0.011800 0.009800
0 0.811400 0.338100 0.009600 0.010800
0 0.814750 0.261350 0.010300 0.008900
0 0.493750 0.501950 0.046300 0.045300
0 0.493000 0.477900 0.015400 0.024600
0 0.490750 0.489650 0.021300 0.042300
