0 0.648500 0.510350 0.038200 0.046300
0 0.591200 0.538350 0.029400 0.053100
0 0.723900 0.504900 0.039000 0.047200
0 0.638600 0.682100 0.072800 0.100400
0 0.639000 0.578250 0.045600 0.056100
0 0.241150 0.738150 0.102900 0.118100
0 0.819850 0.481800 0.022100 0.038400
0 0.536000 0.541800 0.042600 0.060000
0 0.293400 0.531550 0.036800 0.070900
0 0.267250 0.696350 0.080100 0.081700
0 0.020900 0.568450 0.036000 0.083700
0 0.492650 0.506400 0.047100 0.026600
0 0.635250 0.620600 0.035300 0.062000
0 0.011750 0.524050 0.023500 0.065900
0 0.671700 0.287900 0.014000 0.010800
0 0.771000 0.272150 0.009600 0.008900
0 0.923150 0.559600 0.025700 0.038400
0 0.848550 0.525650 0.019100 0.021700
0 0.019500 0.532950 0.039000 0.093500
0 0.435300 0.488250 0.029400 0.021700
