0 0.603000 0.540350 0.174800 0.171900
0 0.142100 0.548150 0.217800 0.216100
0 0.199200 0.476500 0.134800 0.153600
0 0.090850 0.425800 0.113300 0.151000
0 0.524950 0.457050 0.071300 0.088500
0 0.502950 0.361950 0.070300 0.080700
0 0.149900 0.451850 0.231400 0.210900
0 0.529800 0.372400 0.106400 0.101600
0 0.528850 0.418550 0.088900 0.152300
0 0.769600 0.389300 0.127000 0.096400
0 0.560500 0.395150 0.158200 0.152300
0 0.513650 0.348950 0.039100 0.054700
0 0.645950 0.538350 0.086900 0.152300
0 0.554150 0.543600 0.079100 0.162800
0 0.762200 0.442100 0.139600 0.196600
0 0.555650 0.447900 0.136700 0.099000
