0 0.240200 0.511050 0.324200 0.235700
0 0.407700 0.614600 0.340800 0.398400
0 0.080550 0.607450 0.161100 0.259100
0 0.859350 0.382200 0.195300 0.188800
0 0.426800 0.470000 0.191400 0.130200
0 0.430650 0.380200 0.136700 0.130200
0 0.393500 0.348900 0.148400 0.140600
0 0.563550 0.376350 0.189500 0.184900
0 0.511750 0.350950 0.087900 0.118500
0 0.672350 0.360000 0.227500 0.165400
0 0.731900 0.481750 0.159200 0.169300
0 0.641600 0.577450 0.175800 0.227900
0 0.531750 0.421250 0.088900 0.097700
0 0.483450 0.378300 0.238300 0.178400
0 0.679700 0.512350 0.173800 0.225300
0 0.421900 0.507850 0.265600 0.312500
0 0.782250 0.316450 0.044900 0.049500
