0 0.623100 0.589850 0.076200 0.049500
0 0.076700 0.563850 0.049800 0.052100
0 0.458500 0.523450 0.059600 0.044300
0 0.353050 0.529950 0.053700 0.041700
0 0.277850 0.528650 0.055700 0.052100
0 0.198200 0.554650 0.066400 0.049500
0 0.747600 0.498100 0.042000 0.037800
0 0.212950 0.537100 0.046900 0.032600
0 0.532700 0.492900 0.049800 0.043000
0 0.572300 0.519550 0.058600 0.046900
0 0.691400 0.496750 0.031200 0.027300
0 0.903350 0.451800 0.037100 0.026000
0 0.778800 0.493500 0.024400 0.031200
0 0.596150 0.513700 0.028300 0.037800
0 0.900400 0.350300 0.007800 0.013000
0 0.909150 0.285100 0.013700 0.015600
0 0.997550 0.464850 0.004900 0.041700
