0 0.480450 0.377600 0.179700 0.127600
0 0.175800 0.322300 0.043000 0.056000
0 0.044950 0.310600 0.039100 0.045600
0 0.579050 0.304750 0.052700 0.039100
0 0.947750 0.315800 0.022500 0.045600
0 0.629900 0.315150 0.031200 0.049500
0 0.823750 0.303400 0.045900 0.028600
0 0.770550 0.316450 0.029300 0.036500
0 0.692350 0.308650 0.044900 0.033900
0 0.650450 0.312550 0.039100 0.044300
0 0.934550 0.205700 0.013700 0.023400
0 0.745600 0.313200 0.026400 0.045600
0 0.344200 0.289750 0.016600 0.016900
0 0.883800 0.311200 0.033200 0.031200
0 0.333550 0.301500 0.022500 0.035200
0 0.864800 0.306000 0.018600 0.018200
0 0.990700 0.337900 0.018600 0.056000
0 0.671850 0.308650 0.037100 0.033900
0 0.034700 0.283150 0.008800 0.016900
0 0.702150 0.303400 0.027300 0.031200
0 0.891150 0.305350 0.020500 0.022100
0 0.873100 0.308600 0.035200 0.026000
0 0.797400 0.307950 0.024400 0.027300
0 0.770500 0.304050 0.033200 0.027300
0 0.759300 0.317100 0.051800 0.048200
0 0.676750 0.299500 0.029300 0.020800
0 0.707500 0.298850 0.018600 0.022100
0 0.036650 0.298150 0.038100 0.046900
0 0.596200 0.304050 0.016600 0.019500
0 0.337900 0.319050 0.035200 0.072900
0 0.623550 0.308000 0.020500 0.037800
0 0.741700 0.301450 0.018600 0.022100
0 0.783650 0.304700 0.038100 0.028600
0 0.806150 0.304700 0.036100 0.026000
0 0.758350 0.300150 0.022500 0.019500
0 0.712400 0.298200 0.008800 0.020800
0 0.896450 0.311900 0.027300 0.035200
