0 0.141550 0.588550 0.078100 0.046900
0 0.970700 0.578800 0.056600 0.053400
0 0.936000 0.555400 0.049800 0.037800
0 0.674800 0.680350 0.101600 0.097700
0 0.513200 0.708950 0.124000 0.113300
0 0.495150 0.512400 0.052700 0.040400
0 0.987800 0.537100 0.024400 0.040400
0 0.665550 0.531250 0.038100 0.036500
0 0.064450 0.798850 0.128900 0.102900
0 0.910200 0.593700 0.025400 0.018200
0 0.983400 0.554000 0.033200 0.066400
0 0.482850 0.753950 0.094700 0.036500
0 0.989250 0.569050 0.021500 0.070300
0 0.209950 0.302100 0.011700 0.018200
