0 0.116700 0.492900 0.231400 0.287800
0 0.911100 0.431000 0.175800 0.244800
0 0.347650 0.705100 0.386700 0.316400
0 0.387200 0.512350 0.223600 0.233100
0 0.545850 0.391950 0.119100 0.179700
0 0.463350 0.451150 0.094700 0.115900
0 0.813900 0.330100 0.098600 0.092400
0 0.510300 0.404900 0.059600 0.151000
0 0.178200 0.481800 0.110400 0.268200
0 0.450150 0.507150 0.111300 0.225300
0 0.194800 0.386100 0.075200 0.074200
0 0.851100 0.414100 0.165000 0.250000
0 0.604950 0.386100 0.155300 0.178400
0 0.694350 0.443350 0.105500 0.095100
0 0.465850 0.381500 0.085900 0.104200
0 0.426250 0.459050 0.180700 0.222700
