0 0.027350 0.623000 0.054700 0.089800
0 0.885250 0.555400 0.043900 0.043000
0 0.426300 0.749300 0.090800 0.092400
0 0.934100 0.559950 0.051800 0.041700
0 0.600050 0.561150 0.028300 0.075500
0 0.536550 0.577500 0.043900 0.048200
0 0.665000 0.539700 0.058600 0.040400
0 0.097600 0.868500 0.074200 0.101600
0 0.562550 0.494850 0.021500 0.036500
0 0.428200 0.473250 0.042000 0.029900
0 0.403800 0.505900 0.042000 0.032600
0 0.593700 0.500700 0.023400 0.032600
0 0.468250 0.477800 0.036100 0.028600
0 0.388250 0.481100 0.022500 0.032600
0 0.617650 0.539700 0.022500 0.040400
0 0.636750 0.557350 0.044900 0.039100
0 0.402850 0.486300 0.047900 0.040400
0 0.627950 0.546200 0.039100 0.050800
0 0.610350 0.555300 0.021500 0.069000
0 0.649450 0.550750 0.037100 0.039100
0 0.622100 0.531850 0.025400 0.027300
0 0.624050 0.558650 0.027300 0.036500
0 0.590300 0.502000 0.040000 0.043000
0 0.170850 0.863950 0.253900 0.100300
