0 0.610350 0.233050 0.187500 0.463500
0 0.596200 0.367900 0.217800 0.285200
0 0.836450 0.282550 0.022500 0.083300
0 0.817850 0.282550 0.020500 0.078100
0 0.859400 0.281250 0.023400 0.083300
0 0.892100 0.288350 0.024400 0.029900
0 0.939400 0.242250 0.015600 0.033900
0 0.944400 0.240950 0.009800 0.033900
0 0.892100 0.287050 0.024400 0.029900
0 0.914000 0.287050 0.015600 0.014300
0 0.846700 0.281250 0.017600 0.080700
0 0.823750 0.261700 0.012700 0.028600
0 0.210900 0.302750 0.007800 0.016900
0 0.052250 0.031250 0.102500 0.052100
0 0.828150 0.296200 0.013700 0.053400
