0 0.067900 0.586600 0.034200 0.050800
0 0.131350 0.532550 0.061500 0.036500
0 0.178700 0.511750 0.023400 0.036500
0 0.551750 0.517600 0.054700 0.050800
0 0.146050 0.509100 0.030300 0.028600
0 0.512700 0.555400 0.043000 0.045600
0 0.340800 0.517550 0.056600 0.029900
0 0.654300 0.572950 0.074200 0.036500
0 0.577200 0.531250 0.043000 0.041700
0 0.388650 0.551500 0.060500 0.035200
0 0.142100 0.520200 0.040000 0.035200
0 0.208450 0.302100 0.010700 0.020800
0 0.146500 0.534450 0.033200 0.029900
0 0.158650 0.531200 0.010700 0.018200
