0 0.525350 0.527950 0.177700 0.248700
0 0.504900 0.374350 0.209000 0.222700
0 0.157650 0.543600 0.202100 0.201800
0 0.073750 0.630850 0.147500 0.243500
0 0.177250 0.438800 0.229500 0.127600
0 0.723150 0.610050 0.186500 0.235700
0 0.719750 0.351550 0.195300 0.158900
0 0.238250 0.457050 0.113300 0.091100
0 0.890650 0.361350 0.111300 0.123700
0 0.238250 0.382100 0.095700 0.089800
0 0.807600 0.587200 0.351600 0.276000
0 0.958500 0.510450 0.083000 0.164100
0 0.915500 0.392600 0.167000 0.188800
0 0.732900 0.520800 0.249000 0.380200
0 0.143050 0.399050 0.213900 0.149700
0 0.752000 0.409450 0.218800 0.259100
