0 0.657700 0.587250 0.067400 0.049500
0 0.342250 0.529950 0.053700 0.044300
0 0.554700 0.524750 0.058600 0.046900
0 0.666050 0.500050 0.044900 0.033900
0 0.067850 0.551400 0.038100 0.048200
0 0.202150 0.556050 0.054700 0.044300
0 0.602550 0.518900 0.046900 0.063800
0 0.289050 0.526700 0.054700 0.050800
0 0.882800 0.447250 0.035200 0.022100
0 0.763700 0.498100 0.056600 0.043000
0 0.214300 0.537750 0.040000 0.036500
0 0.587850 0.496100 0.029300 0.028600
0 0.996100 0.468050 0.007800 0.029900
0 0.909150 0.285750 0.013700 0.016900
0 0.213850 0.527950 0.037100 0.019500
0 0.586900 0.509150 0.035200 0.052100
0 0.995600 0.455750 0.008800 0.054700
0 0.987300 0.470000 0.025400 0.031200
0 0.599150 0.500050 0.045900 0.033900
0 0.993150 0.474600 0.013700 0.037800
