0 0.602000 0.352250 0.139600 0.128900
0 0.749550 0.341100 0.063500 0.122400
0 0.667950 0.329450 0.037100 0.083300
0 0.460000 0.363250 0.109400 0.179700
0 0.810550 0.339900 0.080100 0.101600
0 0.911150 0.373700 0.128900 0.138000
0 0.883350 0.347050 0.104500 0.118500
0 0.708950 0.328800 0.029300 0.053400
0 0.751950 0.287700 0.027300 0.015600
0 0.827200 0.304700 0.043000 0.028600
0 0.591350 0.301450 0.038100 0.027300
0 0.883800 0.311900 0.082000 0.058600
0 0.853050 0.362600 0.043900 0.045600
0 0.962900 0.356050 0.074200 0.154900
0 0.829050 0.324900 0.052700 0.069000
0 0.965350 0.305950 0.069300 0.067700
0 0.728950 0.322850 0.069300 0.091100
0 0.432100 0.399750 0.059600 0.062500
0 0.249050 0.373000 0.072300 0.069000
0 0.641150 0.347050 0.086900 0.115900
0 0.792000 0.314400 0.109400 0.069000
0 0.792500 0.294950 0.108400 0.019500
0 0.950150 0.293600 0.044900 0.043000
0 0.053700 0.027350 0.099600 0.052100
0 0.528350 0.322300 0.052700 0.069000
0 0.414050 0.389300 0.060500 0.096400
0 0.570850 0.303450 0.063500 0.033900
0 0.764650 0.288350 0.054700 0.022100
