0 0.042300 0.447300 0.084600 0.298200
0 0.641500 0.572300 0.040400 0.038400
0 0.454050 0.503950 0.019900 0.031500
0 0.551150 0.518150 0.033100 0.028500
0 0.957000 0.596400 0.040400 0.035400
0 0.520250 0.544300 0.025700 0.027600
0 0.148900 0.560050 0.052200 0.059100
0 0.157350 0.484300 0.027900 0.039400
0 0.453250 0.538850 0.025700 0.042300
0 0.114300 0.569400 0.036000 0.034400
0 0.107300 0.497500 0.038200 0.048200
0 0.994100 0.613650 0.011800 0.044300
0 0.233850 0.582700 0.055900 0.027600
0 0.129800 0.568900 0.064000 0.047200
0 0.027550 0.526600 0.055100 0.135800
0 0.994500 0.589550 0.011000 0.082700
0 0.463950 0.527550 0.014700 0.029500
0 0.131250 0.494650 0.080100 0.058100
0 0.106650 0.509850 0.030900 0.031500
0 0.750400 0.545300 0.018400 0.027600
