0 0.350600 0.696000 0.074200 0.069000
0 0.911100 0.559300 0.031200 0.043000
0 0.666000 0.772150 0.115200 0.091100
0 0.732900 0.579450 0.067400 0.052100
0 0.946300 0.647150 0.056600 0.078100
0 0.871550 0.611950 0.038100 0.072900
0 0.897450 0.727200 0.080100 0.092400
0 0.680650 0.652350 0.064500 0.062500
0 0.852100 0.587900 0.059600 0.040400
0 0.767100 0.634150 0.075200 0.075500
0 0.811550 0.599600 0.046900 0.048200
0 0.680200 0.604150 0.059600 0.046900
0 0.956550 0.858100 0.086900 0.117200
0 0.688500 0.617800 0.048800 0.053400
0 0.517050 0.688850 0.043900 0.033900
0 0.207450 0.302750 0.010700 0.022100
0 0.866200 0.586550 0.031200 0.029900
