0 0.394050 0.757150 0.588900 0.402300
0 0.207500 0.495450 0.235400 0.251300
0 0.074700 0.630850 0.149400 0.253900
0 0.485800 0.548800 0.174800 0.201800
0 0.495150 0.421900 0.138700 0.138000
0 0.693850 0.923850 0.362300 0.152300
0 0.450650 0.380850 0.077100 0.108100
0 0.791050 0.363300 0.095700 0.151000
0 0.439450 0.326200 0.070300 0.063800
0 0.156700 0.442050 0.131800 0.141900
0 0.410650 0.353550 0.127900 0.115900
0 0.508800 0.352850 0.035200 0.033900
0 0.215300 0.583950 0.174800 0.154900
0 0.544450 0.397150 0.053700 0.085900
0 0.663100 0.344350 0.127000 0.128900
0 0.380800 0.371050 0.089800 0.075500
0 0.692350 0.499400 0.195300 0.175800
0 0.558550 0.507800 0.144500 0.234400
0 0.963850 0.511100 0.072300 0.157600
0 0.456000 0.389350 0.123000 0.158900
0 0.216300 0.595050 0.208000 0.304700
0 0.558150 0.436250 0.088900 0.164100
0 0.493200 0.912750 0.767600 0.171900
0 0.249050 0.518250 0.154300 0.171900
