0 0.520000 0.511100 0.051800 0.048200
0 0.323750 0.551400 0.028300 0.045600
0 0.418000 0.528000 0.058600 0.040400
0 0.635250 0.606100 0.077100 0.053400
0 0.843750 0.554100 0.062500 0.043000
0 0.227100 0.627550 0.085000 0.070300
0 0.252950 0.577500 0.064500 0.037800
0 0.909650 0.568400 0.036100 0.043000
0 0.403800 0.569050 0.065400 0.041700
0 0.597150 0.526050 0.045900 0.036500
0 0.585950 0.694050 0.111300 0.070300
0 0.828150 0.461550 0.027300 0.024700
0 0.864750 0.436850 0.020500 0.027300
0 0.755400 0.480400 0.032200 0.028600
0 0.807100 0.490250 0.042000 0.024700
0 0.957050 0.464150 0.039100 0.027300
0 0.912600 0.481800 0.024400 0.023400
0 0.905300 0.285750 0.017600 0.014300
0 0.995600 0.539050 0.008800 0.039100
0 0.868700 0.451800 0.016600 0.013000
0 0.253850 0.593750 0.060500 0.039100
0 0.893550 0.458300 0.021500 0.026000
0 0.946250 0.466100 0.019500 0.026000
0 0.235800 0.577450 0.032200 0.029900
0 0.866750 0.445950 0.022500 0.024700
0 0.821750 0.475200 0.038100 0.028600
