0 0.058600 0.625000 0.117200 0.265600
0 0.160150 0.489000 0.228500 0.282600
0 0.532700 0.556600 0.208000 0.196600
0 0.733450 0.604850 0.246100 0.235700
0 0.160700 0.576850 0.110400 0.179700
0 0.641150 0.571000 0.428700 0.295600
0 0.715350 0.344350 0.063500 0.128900
0 0.576100 0.470700 0.281200 0.337200
0 0.091850 0.429000 0.179700 0.191400
0 0.616700 0.370400 0.268600 0.181000
0 0.535100 0.386050 0.107400 0.128900
0 0.783700 0.360000 0.198200 0.168000
0 0.213850 0.431050 0.121100 0.169300
0 0.882300 0.414650 0.233400 0.277300
