0 0.332550 0.485650 0.045900 0.046900
0 0.139650 0.526700 0.060500 0.045600
0 0.296400 0.515000 0.034200 0.043000
0 0.210000 0.494200 0.041000 0.037800
0 0.418500 0.498100 0.049800 0.048200
0 0.374450 0.491600 0.036100 0.032600
0 0.084950 0.504600 0.064500 0.045600
0 0.727550 0.433650 0.029300 0.033900
0 0.784600 0.449200 0.040000 0.026000
0 0.755350 0.448550 0.020500 0.024700
0 0.879850 0.441400 0.029300 0.023400
0 0.769050 0.450500 0.038100 0.026000
0 0.904850 0.285750 0.022500 0.014300
0 0.915550 0.270150 0.020500 0.011700
