0 0.163550 0.354200 0.206100 0.226600
0 0.345650 0.374350 0.111300 0.147100
0 0.564900 0.388050 0.174800 0.200500
0 0.455550 0.360700 0.129900 0.153600
0 0.919400 0.369150 0.090800 0.118500
0 0.635750 0.383500 0.146500 0.188800
0 0.876450 0.358000 0.104500 0.156200
0 0.764650 0.374400 0.070300 0.181000
0 0.707000 0.362050 0.066400 0.158900
0 0.796400 0.373050 0.059600 0.139300
0 0.847200 0.367850 0.067400 0.144500
0 0.678200 0.373000 0.075200 0.186200
0 0.693850 0.293600 0.045900 0.037800
0 0.910150 0.321650 0.052700 0.065100
0 0.586900 0.296200 0.101600 0.043000
0 0.559600 0.285750 0.041000 0.019500
0 0.823200 0.337250 0.025400 0.054700
0 0.700700 0.306600 0.059600 0.063800
0 0.889650 0.330100 0.095700 0.087200
0 0.720750 0.345100 0.039100 0.104200
0 0.722700 0.321650 0.035200 0.046900
0 0.833450 0.357450 0.043900 0.105500
0 0.859900 0.326800 0.067400 0.096400
0 0.547300 0.291650 0.065400 0.033900
0 0.847200 0.297500 0.042000 0.037800
0 0.897950 0.390000 0.086900 0.092400
0 0.943850 0.360700 0.053700 0.101600
0 0.725100 0.383500 0.049800 0.162800
0 0.744150 0.347700 0.072300 0.122400
0 0.862850 0.387350 0.055700 0.108100
0 0.822700 0.323550 0.024400 0.024700
