0 0.696750 0.255250 0.418900 0.437500
0 0.933600 0.242900 0.015600 0.035200
0 0.802200 0.222600 0.065400 0.148400
0 0.688450 0.163400 0.060500 0.076800
0 0.906250 0.251350 0.011700 0.036500
0 0.917950 0.250650 0.011700 0.029900
0 0.752450 0.192100 0.079100 0.162800
0 0.906750 0.250700 0.012700 0.035200
0 0.698700 0.146500 0.040000 0.043000
0 0.662150 0.141300 0.039100 0.048200
0 0.759750 0.137400 0.039100 0.048200
0 0.782700 0.189400 0.034200 0.089800
0 0.781750 0.170550 0.028300 0.046900
0 0.883750 0.257800 0.011700 0.020800
0 0.605450 0.135450 0.044900 0.057300
0 0.780750 0.203100 0.071300 0.156200
0 0.755350 0.161500 0.053700 0.099000
0 0.603050 0.161500 0.069300 0.104200
0 0.655300 0.131500 0.025400 0.031200
0 0.628400 0.160150 0.049800 0.065100
0 0.653800 0.158850 0.049800 0.085900
