0 0.414600 0.668600 0.342800 0.293000
0 0.309100 0.511050 0.309600 0.233100
0 0.520950 0.417950 0.178700 0.197900
0 0.080100 0.599000 0.160200 0.250000
0 0.152400 0.443400 0.117200 0.186200
0 0.620150 0.554650 0.197300 0.182300
0 0.029800 0.384100 0.059600 0.226600
0 0.412150 0.457000 0.113300 0.127600
0 0.481500 0.343800 0.142600 0.106800
0 0.842800 0.388000 0.173800 0.148400
0 0.110350 0.494850 0.187500 0.283900
0 0.563500 0.548800 0.089800 0.165400
0 0.167450 0.386750 0.079100 0.072900
0 0.664050 0.550800 0.128900 0.138000
0 0.684600 0.443350 0.107400 0.113300
0 0.467300 0.385450 0.167000 0.197900
0 0.730000 0.451850 0.176800 0.171900
0 0.768050 0.494800 0.094700 0.125000
0 0.791000 0.418650 0.084000 0.102900
0 0.527300 0.360700 0.214800 0.143200
0 0.546900 0.550150 0.056600 0.118500
0 0.415550 0.389950 0.122100 0.123700
0 0.599650 0.587200 0.130900 0.125000
