0 0.532200 0.460350 0.082000 0.100300
0 0.254900 0.239600 0.158200 0.479200
0 0.871050 0.386100 0.185500 0.170600
0 0.514150 0.306600 0.094700 0.084600
0 0.899450 0.354850 0.121100 0.134100
0 0.973150 0.354150 0.053700 0.054700
0 0.917000 0.288400 0.074200 0.040400
0 0.759250 0.306050 0.036100 0.046900
0 0.897450 0.312450 0.111300 0.088500
0 0.785650 0.328800 0.086900 0.092400
0 0.817850 0.344450 0.155300 0.126300
0 0.993150 0.353500 0.013700 0.050800
0 0.467800 0.283800 0.041000 0.023400
0 0.928750 0.341150 0.138700 0.085900
0 0.771500 0.313850 0.058600 0.062500
0 0.915050 0.330750 0.080100 0.070300
0 0.961400 0.339200 0.075200 0.071600
0 0.860800 0.311250 0.042000 0.036500
0 0.972650 0.386700 0.054700 0.117200
