0 0.607400 0.541000 0.168000 0.170600
0 0.145000 0.505250 0.223600 0.299500
0 0.527800 0.458350 0.073200 0.088500
0 0.501450 0.357400 0.069300 0.092400
0 0.087900 0.429050 0.109400 0.144500
0 0.211450 0.478450 0.104500 0.152300
0 0.691450 0.347700 0.054700 0.109400
0 0.540050 0.427100 0.103500 0.140600
0 0.537100 0.374350 0.134800 0.123700
0 0.839850 0.393300 0.162100 0.093800
0 0.502900 0.336600 0.050800 0.056000
0 0.752000 0.368500 0.175800 0.143200
0 0.564500 0.427750 0.142600 0.240900
0 0.792450 0.386700 0.102500 0.101600
