0 0.261250 0.363950 0.180700 0.123700
0 0.106000 0.305300 0.067400 0.066400
0 0.160200 0.317100 0.043000 0.056000
0 0.948750 0.316450 0.022500 0.044300
0 0.581000 0.306050 0.056600 0.041700
0 0.636750 0.312550 0.039100 0.044300
0 0.819300 0.301500 0.041000 0.032600
0 0.746100 0.311900 0.035200 0.043000
0 0.790550 0.300800 0.020500 0.020800
0 0.693900 0.307300 0.042000 0.031200
0 0.673350 0.306000 0.020500 0.028600
0 0.346200 0.293600 0.026400 0.037800
0 0.763700 0.308650 0.025400 0.039100
0 0.883750 0.311250 0.037100 0.036500
0 0.769500 0.300800 0.017600 0.023400
0 0.991700 0.327500 0.016600 0.032600
0 0.735850 0.315150 0.022500 0.033900
0 0.645500 0.307350 0.025400 0.033900
0 0.514650 0.302750 0.013700 0.014300
0 0.891050 0.302800 0.036100 0.037800
0 0.776300 0.302100 0.023400 0.023400
0 0.758750 0.299500 0.021500 0.023400
0 0.834450 0.294950 0.010700 0.019500
0 0.125500 0.318300 0.098600 0.087200
0 0.681150 0.310600 0.038100 0.043000
0 0.786150 0.308000 0.027300 0.035200
0 0.764150 0.322950 0.020500 0.041700
0 0.598650 0.306650 0.021500 0.024700
0 0.154850 0.336650 0.055700 0.100300
0 0.477000 0.284450 0.014600 0.014300
0 0.135250 0.315100 0.022500 0.031200
0 0.661550 0.306000 0.043900 0.031200
0 0.829150 0.297550 0.021500 0.024700
