0 0.601050 0.446600 0.112300 0.099000
0 0.834500 0.367800 0.143600 0.194000
0 0.530250 0.300750 0.085900 0.078100
0 0.275400 0.231100 0.115200 0.459600
0 0.920900 0.337250 0.082000 0.083300
0 0.468800 0.289700 0.043000 0.035200
0 0.889200 0.336600 0.083000 0.089800
0 0.942850 0.337900 0.043900 0.076800
0 0.992200 0.337250 0.015600 0.072900
0 0.971250 0.338550 0.055700 0.078100
0 0.633300 0.307350 0.049800 0.036500
0 0.878400 0.319050 0.059600 0.052100
0 0.953100 0.344400 0.025400 0.058600
0 0.461950 0.281200 0.029300 0.015600
0 0.478500 0.281850 0.058600 0.024700
0 0.930200 0.319700 0.059600 0.056000
0 0.557600 0.287100 0.031200 0.048200
0 0.981450 0.310500 0.037100 0.082000
