0 0.392100 0.756500 0.585000 0.403600
0 0.074700 0.656900 0.149400 0.300800
0 0.209500 0.497400 0.233400 0.247400
0 0.485350 0.535200 0.177700 0.226600
0 0.533650 0.490250 0.229500 0.251300
0 0.436000 0.328150 0.075200 0.067700
0 0.791000 0.364600 0.101600 0.153600
0 0.528800 0.418000 0.215800 0.109400
0 0.465300 0.359400 0.126000 0.099000
0 0.664100 0.340450 0.125000 0.126300
0 0.415050 0.348350 0.119100 0.108100
0 0.470150 0.441350 0.069300 0.083300
0 0.162150 0.445950 0.138700 0.141900
0 0.505350 0.357400 0.047900 0.040400
0 0.224100 0.613300 0.190400 0.265600
0 0.963850 0.509800 0.072300 0.160200
0 0.700700 0.356750 0.243200 0.161500
0 0.723650 0.488950 0.128900 0.149700
0 0.727000 0.922550 0.389600 0.154900
0 0.433150 0.392550 0.178700 0.152300
0 0.381350 0.378300 0.086900 0.066400
