0 0.979500 0.255200 0.041000 0.218800
0 0.980950 0.342450 0.038100 0.164100
0 0.870100 0.279950 0.031200 0.088500
0 0.820300 0.283200 0.023400 0.079400
0 0.848600 0.281900 0.023400 0.084600
0 0.951650 0.237050 0.010700 0.036500
0 0.928200 0.242900 0.016600 0.035200
0 0.830600 0.281900 0.016600 0.079400
0 0.933100 0.242250 0.008800 0.033900
0 0.892150 0.288350 0.022500 0.029900
0 0.851500 0.303350 0.023400 0.054700
0 0.882300 0.289050 0.034200 0.041700
0 0.858850 0.283200 0.020500 0.082000
0 0.892150 0.287050 0.022500 0.029900
0 0.867200 0.302050 0.025400 0.044300
0 0.052250 0.028650 0.102500 0.052100
0 0.856450 0.303350 0.027300 0.049500
0 0.923300 0.247400 0.008800 0.028600
0 0.074700 0.018200 0.008800 0.023400
0 0.830500 0.261050 0.014600 0.029900
0 0.820800 0.261700 0.018600 0.031200
0 0.211400 0.303400 0.006800 0.018200
