0 0.059100 0.624350 0.118200 0.266900
0 0.164100 0.500050 0.218800 0.304700
0 0.738750 0.606150 0.237300 0.227900
0 0.530250 0.555300 0.205100 0.196600
0 0.718250 0.335350 0.053700 0.108100
0 0.640150 0.561250 0.428700 0.294300
0 0.927250 0.421900 0.145500 0.234400
0 0.572750 0.483700 0.286100 0.337200
0 0.159650 0.566450 0.114300 0.171900
0 0.788600 0.460350 0.133800 0.102900
0 0.533700 0.408250 0.090800 0.121100
0 0.659150 0.479200 0.121100 0.117200
0 0.468800 0.352200 0.076200 0.071600
0 0.204150 0.453800 0.138700 0.212200
0 0.781800 0.356750 0.184600 0.158900
0 0.571300 0.382200 0.173800 0.173200
