0 0.537150 0.389300 0.146500 0.231800
0 0.675300 0.360000 0.110400 0.087200
0 0.955050 0.391950 0.072300 0.065100
0 0.863800 0.368450 0.049800 0.078100
0 0.892600 0.376250 0.056600 0.088500
0 0.802200 0.369850 0.049800 0.041700
0 0.755350 0.359350 0.055700 0.039100
0 0.833000 0.358050 0.043000 0.041700
0 0.934100 0.373100 0.034200 0.048200
0 0.918950 0.368450 0.064500 0.067700
0 0.652850 0.360000 0.063500 0.056000
0 0.898900 0.358700 0.040000 0.056000
0 0.887650 0.399750 0.060500 0.044300
0 0.704600 0.353500 0.051800 0.071600
