0 0.528350 0.529250 0.179700 0.246100
0 0.168900 0.543000 0.214800 0.242200
0 0.064450 0.427800 0.128900 0.157600
0 0.769500 0.585300 0.259800 0.298200
0 0.172350 0.436850 0.221700 0.144500
0 0.436100 0.352250 0.143600 0.102900
0 0.243200 0.439450 0.084000 0.147100
0 0.069350 0.610050 0.138700 0.279900
0 0.214850 0.412800 0.130900 0.104200
0 0.641600 0.516300 0.089800 0.201800
0 0.584000 0.483700 0.285200 0.342400
0 0.251950 0.473300 0.070300 0.079400
0 0.832050 0.375050 0.203100 0.158900
0 0.876900 0.567700 0.240200 0.278600
0 0.474550 0.328150 0.060500 0.065100
