0 0.855000 0.395800 0.126000 0.151000
0 0.664500 0.341750 0.057600 0.128900
0 0.812950 0.358750 0.061500 0.154900
0 0.591350 0.289050 0.045900 0.057300
0 0.914050 0.303350 0.062500 0.054700
0 0.583950 0.279300 0.029300 0.037800
0 0.814450 0.309850 0.060500 0.059900
0 0.932100 0.320250 0.090800 0.085900
0 0.930150 0.346350 0.063500 0.065100
0 0.969700 0.336650 0.058600 0.102900
0 0.986350 0.341200 0.027300 0.099000
0 0.896950 0.300100 0.030300 0.048200
0 0.794400 0.319050 0.026400 0.044300
0 0.955100 0.314500 0.058600 0.063800
0 0.826200 0.302700 0.035200 0.045600
