0 0.115700 0.493550 0.231400 0.286500
0 0.342300 0.643900 0.374000 0.410200
0 0.911100 0.432950 0.173800 0.248700
0 0.505350 0.393250 0.180700 0.195300
0 0.398450 0.388000 0.097700 0.109400
0 0.435050 0.404250 0.163100 0.141900
0 0.392550 0.537100 0.263700 0.199200
0 0.813950 0.334050 0.094700 0.097700
0 0.458500 0.445300 0.124000 0.101600
0 0.174800 0.479850 0.115200 0.261700
0 0.191950 0.431050 0.081100 0.166700
0 0.657250 0.386750 0.164100 0.195300
0 0.630850 0.345100 0.105500 0.112000
0 0.825200 0.399800 0.127000 0.221400
0 0.193350 0.386100 0.078100 0.074200
0 0.347600 0.495450 0.140600 0.118500
0 0.695300 0.444000 0.093800 0.093800
0 0.458050 0.522150 0.130900 0.184900
0 0.398450 0.458950 0.203100 0.147100
