0 0.791450 0.574900 0.053700 0.048200
0 0.183100 0.512400 0.024400 0.035200
0 0.067400 0.586600 0.033200 0.045600
0 0.137200 0.507800 0.026400 0.028600
0 0.146000 0.531250 0.057600 0.036500
0 0.631900 0.547500 0.043000 0.043000
0 0.512700 0.558650 0.043000 0.039100
0 0.367150 0.515600 0.054700 0.031200
0 0.599550 0.535800 0.044900 0.032600
0 0.398900 0.552800 0.049800 0.035200
0 0.138150 0.518250 0.038100 0.033900
0 0.209000 0.301450 0.009800 0.022100
0 0.607950 0.526650 0.028300 0.019500
0 0.070300 0.524100 0.025400 0.040400
