0 0.401300 0.517600 0.373000 0.451800
0 0.781250 0.568400 0.435500 0.566400
0 0.023500 0.308550 0.043000 0.075500
0 0.205100 0.290350 0.031200 0.039100
0 0.163600 0.307350 0.026400 0.036500
0 0.119150 0.294250 0.044900 0.062500
0 0.078100 0.287100 0.035200 0.035200
0 0.142650 0.300750 0.064500 0.054700
0 0.230000 0.294300 0.032200 0.026000
0 0.135250 0.298150 0.030300 0.046900
0 0.107400 0.287100 0.023400 0.048200
0 0.216300 0.292300 0.014600 0.032600
0 0.067850 0.281200 0.020500 0.026000
0 0.292500 0.291600 0.059600 0.031200
0 0.272950 0.285100 0.022500 0.018200
0 0.096200 0.290350 0.040000 0.046900
0 0.305600 0.287050 0.031200 0.024700
0 0.214300 0.296850 0.032200 0.039100
0 0.343200 0.301400 0.065400 0.043000
0 0.134300 0.289000 0.018600 0.028600
