0 0.163100 0.410100 0.326200 0.390600
0 0.938000 0.344400 0.092800 0.084600
0 0.855450 0.364550 0.070300 0.062500
0 0.778800 0.352850 0.116200 0.083300
0 0.944300 0.373100 0.074200 0.050800
0 0.989250 0.373650 0.021500 0.072900
0 0.903850 0.360000 0.038100 0.053400
0 0.671900 0.337250 0.043000 0.036500
0 0.987800 0.348300 0.024400 0.069000
0 0.652800 0.348300 0.075200 0.061200
0 0.833450 0.352200 0.112300 0.082000
0 0.953100 0.367800 0.093800 0.089800
0 0.520450 0.334600 0.011700 0.020800
0 0.691850 0.348300 0.077100 0.050800
0 0.639150 0.359350 0.045900 0.039100
