0 0.441400 0.404300 0.091800 0.204400
0 0.374500 0.340550 0.059600 0.113300
0 0.668000 0.340500 0.091800 0.084600
0 0.515100 0.332750 0.065400 0.102900
0 0.575150 0.338550 0.087900 0.085900
0 0.482400 0.330100 0.058600 0.092400
0 0.952150 0.377600 0.095700 0.138000
0 0.599550 0.341800 0.052700 0.076800
0 0.168900 0.399750 0.048800 0.072900
0 0.813950 0.408200 0.178700 0.173200
0 0.253900 0.394500 0.068400 0.112000
0 0.745150 0.319050 0.062500 0.062500
0 0.541550 0.335350 0.079100 0.097700
0 0.448300 0.340550 0.101600 0.118500
0 0.167950 0.378300 0.021500 0.032600
