0 0.205050 0.429000 0.302700 0.334600
0 0.956100 0.330100 0.043000 0.043000
0 0.601600 0.317000 0.041000 0.074200
0 0.991200 0.341150 0.017600 0.059900
0 0.905750 0.339850 0.063500 0.070300
0 0.748550 0.387400 0.063500 0.053400
0 0.676300 0.359350 0.085000 0.057300
0 0.711000 0.332000 0.093800 0.101600
0 0.893050 0.395200 0.038100 0.053400
0 0.808650 0.400400 0.097700 0.181000
0 0.935050 0.384150 0.043900 0.059900
0 0.816350 0.309950 0.052700 0.039100
0 0.780300 0.347650 0.050800 0.080700
0 0.971700 0.388700 0.056600 0.053400
0 0.870100 0.399100 0.033200 0.050800
0 0.833500 0.330750 0.083000 0.080700
0 0.614250 0.366600 0.044900 0.040400
0 0.760300 0.324250 0.026400 0.036500
0 0.946800 0.326850 0.024400 0.033900
0 0.867150 0.341150 0.054700 0.067700
0 0.615200 0.296250 0.015600 0.029900
0 0.965350 0.403050 0.069300 0.105500
0 0.605900 0.298800 0.032200 0.037800
0 0.652850 0.353500 0.043900 0.056000
0 0.857900 0.327500 0.034200 0.037800
0 0.968300 0.330100 0.026400 0.037800
0 0.965300 0.352850 0.057600 0.085900
