0 0.431650 0.265600 0.210900 0.502600
0 0.952600 0.277350 0.065400 0.299500
0 0.879400 0.281950 0.059600 0.227900
0 0.814450 0.272100 0.078100 0.268200
0 0.843300 0.279350 0.042000 0.227900
0 0.983900 0.277300 0.032200 0.281200
0 0.992200 0.291700 0.015600 0.257800
0 0.212450 0.301450 0.012700 0.019500
0 0.911100 0.353550 0.043000 0.115900
0 0.938000 0.357450 0.083000 0.128900
0 0.212450 0.300150 0.012700 0.019500
0 0.816400 0.223300 0.084000 0.082000
0 0.816950 0.218150 0.081100 0.121100
0 0.911600 0.285850 0.073200 0.246100
0 0.199700 0.306000 0.008800 0.010400
