0 0.524350 0.528600 0.177700 0.250000
0 0.502950 0.381450 0.203100 0.210900
0 0.164100 0.537100 0.216800 0.204400
0 0.704650 0.354150 0.221700 0.166700
0 0.073750 0.623050 0.147500 0.251300
0 0.732400 0.611350 0.207000 0.238300
0 0.173800 0.439450 0.234400 0.136700
0 0.892100 0.358750 0.110400 0.118500
0 0.230000 0.456450 0.131800 0.100300
0 0.143600 0.399050 0.193400 0.149700
0 0.959000 0.516300 0.082000 0.168000
0 0.811000 0.561150 0.356400 0.325500
0 0.915100 0.392600 0.160200 0.191400
0 0.633750 0.489000 0.085900 0.162800
