0 0.494650 0.394500 0.202100 0.263000
0 0.786150 0.375650 0.111300 0.154900
0 0.748600 0.408800 0.110400 0.138000
0 0.141550 0.470700 0.269500 0.214800
0 0.244100 0.406200 0.273400 0.268200
0 0.633350 0.395200 0.096700 0.165400
0 0.058100 0.393950 0.116200 0.225300
0 0.563950 0.419250 0.071300 0.171900
0 0.660700 0.354150 0.051800 0.070300
0 0.656750 0.408250 0.055700 0.128900
0 0.407300 0.386050 0.093800 0.222700
0 0.145500 0.328750 0.076200 0.097700
0 0.322250 0.405550 0.144500 0.253900
0 0.409600 0.305950 0.073200 0.059900
0 0.366650 0.415350 0.077100 0.205700
0 0.618650 0.363950 0.071300 0.102900
0 0.596150 0.395850 0.086900 0.161500
0 0.231400 0.325500 0.250000 0.114600
0 0.566350 0.417950 0.177700 0.177100
0 0.142600 0.412150 0.115200 0.251300
0 0.427200 0.319600 0.108400 0.092400
0 0.442850 0.350900 0.163100 0.157600
