0 0.694300 0.339150 0.140600 0.152300
0 0.788100 0.346400 0.089800 0.117200
0 0.909700 0.395800 0.159200 0.153600
0 0.696750 0.359400 0.069300 0.138000
0 0.529250 0.364650 0.210900 0.158900
0 0.838450 0.323600 0.047900 0.063800
0 0.728000 0.347050 0.073200 0.126300
0 0.607400 0.356800 0.084000 0.138000
0 0.635700 0.319700 0.066400 0.061200
0 0.534150 0.308650 0.054700 0.033900
0 0.826600 0.333400 0.065400 0.101600
0 0.470700 0.358100 0.107400 0.151000
0 0.682600 0.298800 0.117200 0.071600
0 0.567850 0.341850 0.129900 0.113300
0 0.082550 0.399750 0.030300 0.039100
0 0.456550 0.309950 0.077100 0.054700
0 0.569300 0.311250 0.123000 0.052100
0 0.065900 0.028000 0.073200 0.050800
0 0.615750 0.354850 0.045900 0.100300
0 0.521500 0.362000 0.099600 0.151000
0 0.651350 0.304000 0.054700 0.076800
0 0.487800 0.315800 0.139600 0.066400
