0 0.476550 0.369850 0.185500 0.177100
0 0.746550 0.342500 0.069300 0.119800
0 0.614250 0.351600 0.113300 0.122400
0 0.665050 0.334050 0.037100 0.095100
0 0.912650 0.373050 0.104500 0.131500
0 0.808600 0.339900 0.082000 0.106800
0 0.849650 0.368550 0.039100 0.046900
0 0.969750 0.358100 0.060500 0.138000
0 0.709500 0.329450 0.032200 0.052100
0 0.643100 0.336650 0.075200 0.097700
0 0.728500 0.317000 0.068400 0.074200
0 0.609350 0.296900 0.019500 0.020800
0 0.873500 0.346400 0.090800 0.112000
0 0.582000 0.322950 0.076200 0.080700
0 0.718300 0.337250 0.051800 0.078100
0 0.749050 0.287800 0.021500 0.013000
0 0.844250 0.314500 0.043900 0.048200
0 0.884250 0.315800 0.088900 0.053400
0 0.889600 0.380850 0.048800 0.110700
0 0.898950 0.410800 0.028300 0.056000
0 0.590800 0.307350 0.058600 0.046900
0 0.597150 0.296900 0.043900 0.026000
0 0.847150 0.340550 0.047900 0.097700
0 0.863300 0.285750 0.033200 0.027300
0 0.969750 0.309850 0.060500 0.062500
0 0.953550 0.297500 0.043900 0.050800
0 0.865250 0.372350 0.072300 0.065100
