0 0.896500 0.568400 0.031200 0.058600
0 0.348650 0.684250 0.070300 0.095100
0 0.666450 0.598950 0.043900 0.065100
0 0.875450 0.619100 0.036100 0.069000
0 0.773950 0.694600 0.086900 0.089800
0 0.659650 0.764950 0.096700 0.095100
0 0.758350 0.629500 0.081100 0.079400
0 0.955550 0.662100 0.071300 0.074200
0 0.680650 0.645200 0.064500 0.074200
0 0.832100 0.591800 0.068400 0.045600
0 0.595750 0.576200 0.064500 0.069000
0 0.870650 0.723350 0.081100 0.095100
0 0.595250 0.541000 0.028300 0.037800
0 0.608400 0.540350 0.041000 0.036500
0 0.562950 0.558650 0.045900 0.041700
0 0.377950 0.704450 0.037100 0.044300
0 0.570300 0.570350 0.068400 0.062500
0 0.609900 0.556050 0.042000 0.049500
0 0.913100 0.595650 0.031200 0.022100
0 0.693400 0.632200 0.035200 0.050800
0 0.207450 0.302750 0.010700 0.022100
0 0.885250 0.709650 0.053700 0.067700
0 0.518050 0.688850 0.045900 0.036500
