0 0.305500 0.637800 0.372800 0.287400
0 0.288300 0.851900 0.132400 0.123000
0 0.490400 0.762350 0.063200 0.093500
0 0.409950 0.762350 0.083100 0.081700
0 0.712500 0.807050 0.070600 0.116100
0 0.618050 0.798250 0.066900 0.092500
0 0.313250 0.816950 0.105900 0.153500
0 0.383850 0.818450 0.080900 0.109300
0 0.283100 0.755900 0.038200 0.065000
0 0.273850 0.794350 0.041900 0.045300
0 0.284900 0.776050 0.059600 0.095500
0 0.318050 0.779050 0.087500 0.081700
0 0.640800 0.967050 0.072800 0.065900
0 0.949300 0.762850 0.100000 0.070900
0 0.269450 0.816900 0.046300 0.088600
0 0.337150 0.837550 0.074300 0.106300
0 0.295950 0.747550 0.016900 0.046300
0 0.354050 0.806600 0.116900 0.134800
0 0.716950 0.774550 0.060300 0.053100
0 0.243050 0.816900 0.041900 0.061000
0 0.204000 0.809500 0.106600 0.073800
0 0.300350 0.765750 0.041900 0.066900
0 0.296700 0.796800 0.081600 0.052200
