0 0.195850 0.488350 0.272500 0.286500
0 0.413050 0.683600 0.337900 0.476600
0 0.050800 0.613900 0.101600 0.293000
0 0.784200 0.424500 0.160200 0.151000
0 0.708550 0.384800 0.272500 0.188800
0 0.466300 0.345100 0.051800 0.106800
0 0.241650 0.539700 0.186500 0.199200
0 0.954600 0.482450 0.090800 0.123700
0 0.521500 0.429000 0.074200 0.087200
0 0.435550 0.344450 0.087900 0.110700
0 0.163600 0.424500 0.200200 0.156200
0 0.487800 0.557900 0.233400 0.207000
0 0.504400 0.344450 0.085000 0.108100
0 0.971700 0.461600 0.056600 0.079400
