0 0.876450 0.268850 0.245100 0.355500
0 0.954650 0.268200 0.081100 0.231800
0 0.885300 0.175100 0.059600 0.056000
0 0.815950 0.179000 0.028300 0.066400
0 0.843700 0.159500 0.033200 0.056000
0 0.935050 0.171850 0.061500 0.062500
0 0.980000 0.276750 0.040000 0.227900
0 0.963400 0.210250 0.065400 0.118500
0 0.981000 0.208350 0.034200 0.085900
0 0.906200 0.182250 0.089800 0.083300
0 0.912650 0.164050 0.038100 0.054700
0 0.947700 0.188750 0.073200 0.088500
0 0.827150 0.187450 0.046900 0.080700
0 0.952650 0.172500 0.036100 0.050800
