0 0.319300 0.398450 0.283200 0.299500
0 0.493650 0.331350 0.094700 0.110700
0 0.564500 0.337300 0.091800 0.093800
0 0.649450 0.376300 0.130900 0.156200
0 0.169450 0.399750 0.047900 0.075500
0 0.728050 0.318400 0.030300 0.066400
0 0.591350 0.319700 0.045900 0.074200
0 0.468800 0.335350 0.050800 0.100300
0 0.839900 0.361350 0.084000 0.121100
0 0.694350 0.334000 0.039100 0.071600
0 0.671900 0.343100 0.084000 0.089800
0 0.950700 0.382150 0.098600 0.134100
0 0.603500 0.340550 0.066400 0.100300
0 0.626900 0.326800 0.082000 0.104200
0 0.167500 0.378300 0.024400 0.032600
0 0.535650 0.334050 0.053700 0.095100
0 0.451700 0.339850 0.049800 0.088500
0 0.896000 0.384800 0.040000 0.076800
0 0.188450 0.391900 0.085900 0.104200
