0 0.193350 0.561250 0.029300 0.052100
0 0.331550 0.553350 0.030300 0.046900
0 0.278800 0.516950 0.042000 0.039100
0 0.401900 0.610000 0.051800 0.082000
0 0.451600 0.508500 0.032200 0.037800
0 0.835950 0.598950 0.060500 0.065100
0 0.543450 0.622350 0.063500 0.062500
0 0.260750 0.550750 0.046900 0.046900
0 0.660100 0.515000 0.041000 0.043000
0 0.590300 0.539050 0.026400 0.046900
0 0.625950 0.547500 0.060500 0.045600
0 0.714350 0.597650 0.061500 0.052100
0 0.496150 0.547500 0.072300 0.061200
0 0.778300 0.465450 0.017600 0.029900
0 0.711850 0.572950 0.052700 0.036500
0 0.978500 0.523400 0.043000 0.031200
0 0.982900 0.556700 0.032200 0.045600
0 0.492150 0.562550 0.052700 0.041700
0 0.480900 0.534500 0.040000 0.037800
0 0.905250 0.285750 0.021500 0.014300
0 0.994650 0.475900 0.010700 0.032600
0 0.977550 0.541650 0.044900 0.065100
0 0.704100 0.473250 0.043000 0.019500
0 0.604000 0.544250 0.049800 0.049500
0 0.273900 0.537750 0.034200 0.041700
0 0.479500 0.602200 0.050800 0.032600
