0 0.708050 0.261750 0.412100 0.447900
0 0.645050 0.161450 0.055700 0.072900
0 0.764700 0.206400 0.084000 0.181000
0 0.702600 0.158200 0.057600 0.071600
0 0.746100 0.144550 0.048800 0.057300
0 0.791000 0.196650 0.025400 0.039100
0 0.790550 0.238300 0.055700 0.122400
0 0.781700 0.197250 0.042000 0.100300
0 0.769000 0.181000 0.049800 0.119800
0 0.792900 0.212250 0.031200 0.072900
0 0.815000 0.193400 0.026400 0.058600
0 0.770000 0.156900 0.032200 0.058600
0 0.732450 0.176450 0.128900 0.123700
0 0.762200 0.147800 0.026400 0.050800
0 0.646450 0.144550 0.044900 0.041700
0 0.744150 0.164050 0.078100 0.091100
