0 0.241700 0.513650 0.325200 0.240900
0 0.415000 0.658200 0.332000 0.308600
0 0.080550 0.606800 0.161100 0.257800
0 0.867250 0.387400 0.189500 0.204400
0 0.426250 0.481800 0.202100 0.127600
0 0.659650 0.574850 0.120100 0.126300
0 0.426750 0.376950 0.144500 0.126300
0 0.626950 0.547550 0.205100 0.251300
0 0.483900 0.366600 0.274400 0.157600
0 0.691450 0.366500 0.246100 0.183600
0 0.294500 0.613950 0.585000 0.386700
0 0.563450 0.384150 0.164100 0.200500
0 0.461400 0.434300 0.243200 0.178400
0 0.582500 0.513050 0.131800 0.200500
0 0.514700 0.355500 0.091800 0.125000
