0 0.466800 0.340450 0.074200 0.131500
0 0.511700 0.360050 0.101600 0.139300
0 0.684050 0.412800 0.145500 0.138000
0 0.911600 0.342450 0.092800 0.062500
0 0.569300 0.358750 0.058600 0.136700
0 0.772400 0.300100 0.048800 0.069000
0 0.911650 0.395900 0.086900 0.093800
0 0.617200 0.357450 0.140600 0.134100
0 0.853450 0.383450 0.085900 0.128900
0 0.556650 0.297550 0.037100 0.019500
0 0.657200 0.316400 0.048800 0.028600
0 0.812450 0.313200 0.027300 0.032600
0 0.929200 0.367850 0.126000 0.115900
0 0.832550 0.339850 0.055700 0.075500
0 0.698750 0.330100 0.053700 0.056000
0 0.732950 0.351600 0.120100 0.099000
0 0.646950 0.324900 0.069300 0.048200
0 0.248100 0.374300 0.076200 0.074200
0 0.383250 0.370400 0.077100 0.074200
0 0.712450 0.386050 0.096700 0.121100
0 0.291050 0.202450 0.013700 0.022100
0 0.838900 0.323600 0.041000 0.040400
0 0.880350 0.394500 0.163100 0.151000
0 0.784650 0.345100 0.077100 0.125000
0 0.758750 0.381500 0.113300 0.143200
0 0.817850 0.322950 0.047900 0.052100
0 0.814900 0.403650 0.141600 0.169300
