0 0.074250 0.876300 0.105500 0.104200
0 0.544450 0.581400 0.030300 0.056000
0 0.937450 0.561900 0.052700 0.043000
0 0.642100 0.554650 0.034200 0.049500
0 0.542000 0.499400 0.023400 0.050800
0 0.714800 0.658850 0.041000 0.072900
0 0.606900 0.537100 0.049800 0.053400
0 0.849600 0.550750 0.048800 0.039100
0 0.388150 0.485100 0.028300 0.032600
0 0.592300 0.500000 0.024400 0.031200
0 0.405700 0.738900 0.065400 0.082000
0 0.586400 0.582050 0.049800 0.046900
0 0.428700 0.471950 0.041000 0.029900
0 0.466800 0.476500 0.035200 0.028600
0 0.402850 0.507800 0.020500 0.031200
0 0.596200 0.696000 0.057600 0.032600
0 0.404800 0.507850 0.040000 0.041700
0 0.453600 0.471950 0.057600 0.029900
0 0.395000 0.496800 0.040000 0.048200
0 0.445350 0.470650 0.029300 0.024700
