0 0.273150 0.319850 0.049300 0.068900
0 0.692250 0.326800 0.041900 0.025600
0 0.341500 0.317450 0.047800 0.054100
0 0.310700 0.318400 0.043400 0.050200
0 0.469100 0.324800 0.061800 0.027600
0 0.434950 0.333100 0.044900 0.034400
0 0.395200 0.338650 0.027200 0.021700
0 0.590050 0.326250 0.037500 0.028500
0 0.427900 0.313500 0.013200 0.012800
0 0.486000 0.327700 0.033800 0.023600
0 0.374250 0.331200 0.030900 0.024600
0 0.354400 0.327800 0.066200 0.037400
0 0.448550 0.321400 0.055900 0.026600
0 0.581950 0.323350 0.021300 0.018700
0 0.432400 0.317450 0.025000 0.018700
0 0.457400 0.332650 0.070600 0.045300
0 0.478350 0.333200 0.044900 0.036400
0 0.472000 0.344000 0.038200 0.022600
