0 0.528300 0.530650 0.181600 0.246100
0 0.172850 0.543000 0.212900 0.218800
0 0.064950 0.428450 0.129900 0.161500
0 0.778300 0.587900 0.275400 0.295600
0 0.171350 0.438800 0.219700 0.132800
0 0.491250 0.436850 0.080100 0.139300
0 0.065900 0.624350 0.131800 0.253900
0 0.218250 0.421900 0.129900 0.114600
0 0.575200 0.373100 0.201200 0.170600
0 0.426700 0.361300 0.123000 0.084600
0 0.252900 0.473300 0.074200 0.082000
0 0.714400 0.615250 0.159200 0.235700
0 0.875550 0.566400 0.247100 0.270800
0 0.662600 0.508450 0.141600 0.220100
0 0.525400 0.405650 0.156200 0.220100
0 0.821250 0.378250 0.203100 0.154900
0 0.470700 0.328150 0.056600 0.067700
0 0.960450 0.516300 0.079100 0.175800
0 0.122100 0.451800 0.127000 0.104200
0 0.476550 0.429650 0.128900 0.197900
0 0.837900 0.513650 0.168000 0.149700
