0 0.403350 0.243450 0.130900 0.424500
0 0.534150 0.240250 0.119100 0.475300
0 0.730900 0.266300 0.073200 0.295600
0 0.624550 0.283200 0.086900 0.334600
0 0.915550 0.291050 0.028300 0.100300
0 0.876450 0.285850 0.030300 0.121100
0 0.940900 0.291700 0.032200 0.104200
0 0.898450 0.287150 0.021500 0.100300
0 0.844700 0.282600 0.025400 0.106800
0 0.852550 0.296850 0.019500 0.085900
0 0.840300 0.298150 0.014600 0.070300
0 0.857400 0.281950 0.017600 0.105500
0 0.899400 0.261750 0.017600 0.049500
0 0.836900 0.276100 0.017600 0.096400
0 0.841300 0.252650 0.024400 0.049500
