0 0.031750 0.628300 0.063500 0.066400
0 0.351050 0.541000 0.043900 0.045600
0 0.506800 0.608700 0.082000 0.056000
0 0.397950 0.542300 0.036100 0.045600
0 0.798300 0.541000 0.057600 0.040400
0 0.954600 0.517600 0.026400 0.035200
0 0.260200 0.528650 0.040000 0.044300
0 0.568850 0.494200 0.047900 0.035200
0 0.450700 0.489000 0.057600 0.037800
0 0.026850 0.519550 0.043900 0.049500
0 0.100600 0.535800 0.033200 0.050800
0 0.658750 0.531900 0.047900 0.035200
0 0.873500 0.523450 0.034200 0.036500
0 0.044400 0.573600 0.042000 0.050800
0 0.169950 0.494200 0.039100 0.037800
0 0.321300 0.479800 0.025400 0.037800
0 0.727550 0.488300 0.039100 0.028600
0 0.324200 0.508500 0.033200 0.035200
0 0.856950 0.516950 0.028300 0.033900
0 0.236300 0.520150 0.025400 0.024700
0 0.704100 0.463500 0.017600 0.028600
0 0.687000 0.464150 0.018600 0.027300
0 0.009300 0.547500 0.018600 0.045600
0 0.295900 0.516900 0.023400 0.020800
0 0.008800 0.517600 0.017600 0.043000
0 0.236800 0.528650 0.032200 0.044300
0 0.284200 0.520800 0.035200 0.028600
0 0.311550 0.513050 0.054700 0.033900
0 0.319350 0.496050 0.037100 0.057300
0 0.033250 0.598350 0.064500 0.100300
0 0.680600 0.469400 0.031200 0.035200
