0 0.539600 0.242250 0.092800 0.411500
0 0.971650 0.283800 0.029300 0.148400
0 0.602000 0.279950 0.073200 0.330700
0 0.631400 0.266300 0.085000 0.319000
0 0.922850 0.285200 0.027300 0.112000
0 0.891550 0.283150 0.044900 0.131500
0 0.855900 0.287750 0.040000 0.158900
0 0.952600 0.292250 0.032200 0.149700
0 0.803250 0.279950 0.028300 0.065100
0 0.723650 0.288400 0.078100 0.308600
0 0.823750 0.262400 0.012700 0.061200
0 0.830050 0.270200 0.021500 0.079400
0 0.793000 0.274750 0.015600 0.067700
0 0.838900 0.277950 0.025400 0.131500
0 0.838900 0.269550 0.017600 0.083300
0 0.931100 0.281950 0.014600 0.115900
0 0.805150 0.266300 0.020500 0.037800
0 0.877400 0.281850 0.024400 0.131500
0 0.953550 0.289650 0.069300 0.152300
0 0.802750 0.293600 0.029300 0.037800
0 0.909700 0.282600 0.024400 0.117200
0 0.971200 0.231750 0.024400 0.044300
0 0.816900 0.270850 0.014600 0.054700
