0 0.374550 0.239600 0.145500 0.479200
0 0.797350 0.253900 0.038100 0.221400
0 0.886250 0.279300 0.036100 0.157600
0 0.777850 0.270900 0.038100 0.221400
0 0.741700 0.272750 0.051800 0.243500
0 0.699700 0.277300 0.075200 0.255200
0 0.923350 0.285800 0.043900 0.160200
0 0.539500 0.254600 0.090800 0.410200
0 0.849100 0.274100 0.057600 0.191400
0 0.793400 0.195950 0.040000 0.110700
0 0.873050 0.277350 0.037100 0.169300
0 0.772400 0.169250 0.023400 0.039100
0 0.899450 0.279900 0.029300 0.151000
0 0.871050 0.318300 0.029300 0.092400
0 0.759300 0.272200 0.034200 0.224000
