0 0.297400 0.257150 0.182600 0.514300
0 0.618150 0.241550 0.095700 0.483100
0 0.882800 0.264950 0.043000 0.251300
0 0.856450 0.251350 0.052700 0.302100
0 0.700650 0.247400 0.127900 0.492200
0 0.823200 0.270200 0.099600 0.342400
0 0.962900 0.273500 0.074200 0.231800
0 0.754900 0.243500 0.043000 0.255200
0 0.742250 0.296250 0.064500 0.368500
0 0.853500 0.128950 0.043000 0.057300
0 0.009300 0.307250 0.018600 0.460900
0 0.006850 0.203750 0.013700 0.230500
0 0.022900 0.281850 0.032200 0.024700
0 0.745150 0.447300 0.052700 0.061200
0 0.854950 0.158250 0.045900 0.115900
