0 0.505900 0.283850 0.160200 0.565100
0 0.791950 0.262350 0.052700 0.235700
0 0.015150 0.246800 0.030300 0.418000
0 0.921400 0.285150 0.018600 0.083300
0 0.609850 0.240950 0.094700 0.414100
0 0.938450 0.283200 0.021500 0.089800
0 0.672300 0.272150 0.073200 0.307300
0 0.760700 0.264300 0.066400 0.250000
0 0.832500 0.270900 0.049800 0.218800
0 0.858900 0.283200 0.018600 0.084600
0 0.704150 0.266950 0.062500 0.283900
0 0.881850 0.284550 0.027300 0.095100
0 0.873100 0.281900 0.017600 0.092400
0 0.053700 0.228500 0.107400 0.451800
0 0.696250 0.458950 0.037100 0.027300
