0 0.408700 0.386050 0.106400 0.128900
0 0.578600 0.375650 0.042000 0.100300
0 0.968250 0.377650 0.036100 0.059900
0 0.694850 0.373650 0.043900 0.091100
0 0.809050 0.351550 0.028300 0.044300
0 0.637700 0.347000 0.048800 0.048200
0 0.752450 0.350250 0.030300 0.057300
0 0.911150 0.371150 0.027300 0.052100
0 0.727500 0.356750 0.025400 0.054700
0 0.766100 0.347000 0.018600 0.043000
0 0.822250 0.395150 0.054700 0.123700
0 0.791050 0.396450 0.113300 0.128900
0 0.650400 0.346350 0.025400 0.041700
0 0.825200 0.353500 0.041000 0.045600
0 0.708000 0.353500 0.031200 0.053400
0 0.833950 0.350900 0.019500 0.035200
0 0.740300 0.359350 0.043000 0.067700
0 0.808100 0.377550 0.051800 0.085900
