0 0.859400 0.276650 0.175800 0.274700
0 0.906750 0.220700 0.028300 0.048200
0 0.852050 0.210300 0.030300 0.040400
0 0.895950 0.213550 0.045900 0.049500
0 0.810600 0.211600 0.035200 0.058600
0 0.818850 0.196650 0.028300 0.059900
0 0.883800 0.210950 0.033200 0.041700
0 0.820800 0.218100 0.026400 0.066400
0 0.840350 0.219400 0.053700 0.061200
0 0.912100 0.216150 0.017600 0.033900
0 0.867250 0.209000 0.039100 0.037800
0 0.816900 0.206450 0.042000 0.097700
0 0.817400 0.229150 0.017600 0.046900
0 0.820350 0.178400 0.021500 0.028600
0 0.898400 0.200550 0.033200 0.044300
0 0.305200 0.540300 0.034200 0.028600
0 0.914600 0.236950 0.042000 0.075500
