0 0.472200 0.512400 0.034200 0.058600
0 0.182600 0.520850 0.050800 0.059900
0 0.358450 0.483050 0.046900 0.041700
0 0.110350 0.523450 0.064500 0.036500
0 0.318850 0.516950 0.061500 0.033900
0 0.031300 0.502000 0.025400 0.035200
0 0.421850 0.541650 0.072300 0.039100
0 0.165550 0.494800 0.061500 0.028600
0 0.085450 0.505850 0.038100 0.024700
0 0.007800 0.501950 0.015600 0.027300
0 0.196800 0.548800 0.049800 0.043000
0 0.238750 0.519500 0.036100 0.023400
0 0.267600 0.445300 0.056600 0.028600
0 0.697250 0.461600 0.037100 0.032600
0 0.090300 0.520850 0.040000 0.036500
0 0.196300 0.507850 0.023400 0.036500
0 0.009300 0.497450 0.018600 0.049500
0 0.023500 0.497450 0.035200 0.046900
0 0.985350 0.489000 0.027300 0.032600
