0 0.032250 0.309900 0.064500 0.617200
0 0.428250 0.242850 0.145500 0.483100
0 0.693350 0.263050 0.070300 0.289100
0 0.887650 0.284550 0.029300 0.100300
0 0.847700 0.279300 0.025400 0.087200
0 0.627500 0.264950 0.092800 0.347700
0 0.744650 0.256500 0.069300 0.276000
0 0.940000 0.284500 0.034200 0.092400
0 0.867150 0.283850 0.021500 0.085900
0 0.544950 0.264300 0.105500 0.385400
0 0.782700 0.260400 0.051800 0.250000
0 0.950650 0.285150 0.020500 0.091100
0 0.856950 0.281900 0.022500 0.087200
0 0.869700 0.281950 0.051800 0.095100
0 0.930700 0.283850 0.017600 0.088500
0 0.836450 0.277350 0.036100 0.083300
0 0.949250 0.304650 0.021500 0.054700
0 0.696750 0.458950 0.036100 0.027300
