0 0.804700 0.269550 0.209000 0.315100
0 0.867700 0.204450 0.034200 0.059900
0 0.853050 0.190800 0.038100 0.043000
0 0.806600 0.192100 0.033200 0.043000
0 0.814450 0.203150 0.037100 0.057300
0 0.766100 0.186850 0.014600 0.024700
0 0.772950 0.174450 0.028300 0.046900
0 0.755350 0.207700 0.028300 0.069000
0 0.867700 0.132800 0.014600 0.020800
0 0.819300 0.196000 0.023400 0.037800
0 0.828600 0.191450 0.040000 0.039100
0 0.757300 0.221350 0.018600 0.044300
0 0.791550 0.180400 0.038100 0.035200
0 0.766600 0.183000 0.025400 0.040400
