0 0.204100 0.509150 0.041000 0.059900
0 0.088400 0.506550 0.059600 0.067700
0 0.290500 0.465500 0.034200 0.045600
0 0.324250 0.522800 0.054700 0.061200
0 0.818350 0.543600 0.037100 0.053400
0 0.473100 0.524100 0.042000 0.040400
0 0.986800 0.589200 0.026400 0.076800
0 0.380350 0.483100 0.038100 0.028600
0 0.860350 0.557900 0.060500 0.066400
0 0.648900 0.530600 0.042000 0.056000
0 0.862800 0.577500 0.059600 0.040400
0 0.849600 0.547500 0.041000 0.045600
0 0.848600 0.571000 0.041000 0.045600
0 0.280800 0.462900 0.018600 0.040400
