0 0.563450 0.250700 0.119100 0.407600
0 0.639200 0.265000 0.067400 0.319000
0 0.966300 0.286400 0.032200 0.156200
0 0.939000 0.291000 0.034200 0.162800
0 0.910700 0.285850 0.026400 0.108100
0 0.875950 0.282600 0.021500 0.125000
0 0.801700 0.278000 0.031200 0.069000
0 0.713850 0.290350 0.085900 0.309900
0 0.861300 0.285150 0.048800 0.158900
0 0.833450 0.272800 0.020500 0.082000
0 0.792500 0.274750 0.016600 0.067700
0 0.816850 0.277350 0.036100 0.070300
0 0.802700 0.294250 0.031200 0.036500
0 0.875550 0.248100 0.022500 0.040400
0 0.812950 0.285150 0.045900 0.054700
0 0.830100 0.288400 0.015600 0.045600
0 0.807650 0.263700 0.019500 0.037800
