0 0.301250 0.397800 0.114300 0.157600
0 0.557150 0.403050 0.043900 0.108100
0 0.667950 0.367150 0.052700 0.078100
0 0.962950 0.380250 0.046900 0.067700
0 0.816400 0.352200 0.023400 0.053400
0 0.620100 0.347000 0.066400 0.050800
0 0.778300 0.350900 0.033200 0.050800
0 0.720700 0.359350 0.025400 0.065100
0 0.890600 0.373750 0.031200 0.052100
0 0.753850 0.348950 0.027300 0.059900
0 0.777850 0.418000 0.063500 0.096400
0 0.697200 0.365850 0.023400 0.065100
0 0.706550 0.361950 0.020500 0.059900
0 0.684550 0.363900 0.037100 0.069000
0 0.767600 0.343100 0.043000 0.056000
0 0.791050 0.403650 0.039100 0.052100
0 0.786100 0.353500 0.017600 0.040400
