0 0.617650 0.263650 0.094700 0.355500
0 0.500450 0.253950 0.135700 0.429700
0 0.813450 0.263700 0.046900 0.207000
0 0.915550 0.285100 0.043900 0.143200
0 0.741650 0.280650 0.053700 0.230500
0 0.696350 0.277300 0.072300 0.252600
0 0.858400 0.278000 0.048800 0.188800
0 0.787550 0.272150 0.045900 0.205700
0 0.770550 0.274150 0.039100 0.220100
0 0.772950 0.189500 0.020500 0.045600
0 0.884750 0.249300 0.027300 0.074200
0 0.930150 0.285100 0.022500 0.138000
0 0.887150 0.285100 0.036100 0.151000
0 0.887750 0.318950 0.039100 0.080700
0 0.743100 0.168600 0.023400 0.032600
0 0.756350 0.215450 0.045900 0.123700
0 0.463900 0.188800 0.033200 0.119800
0 0.791450 0.216200 0.043900 0.106800
0 0.879400 0.223900 0.016600 0.026000
0 0.786600 0.181000 0.014600 0.031200
0 0.748500 0.178350 0.032200 0.052100
