0 0.109400 0.626900 0.093800 0.076800
0 0.514200 0.609350 0.042000 0.062500
0 0.261750 0.489600 0.052700 0.031200
0 0.091300 0.495500 0.040000 0.035200
0 0.379400 0.536450 0.042000 0.044300
0 0.376950 0.496150 0.054700 0.049500
0 0.138700 0.494850 0.050800 0.044300
0 0.422350 0.538400 0.061500 0.043000
0 0.118650 0.522150 0.030300 0.041700
0 0.320800 0.482350 0.026400 0.029900
0 0.276850 0.524750 0.055700 0.044300
0 0.674350 0.539050 0.028300 0.039100
0 0.853550 0.532550 0.064500 0.059900
0 0.065950 0.569700 0.047900 0.035200
0 0.626950 0.492200 0.044900 0.026000
0 0.237750 0.524750 0.028300 0.033900
0 0.481950 0.498100 0.063500 0.045600
0 0.018050 0.555300 0.036100 0.053400
0 0.976050 0.516900 0.047900 0.028600
0 0.676800 0.485700 0.033200 0.023400
0 0.686500 0.462200 0.017600 0.023400
0 0.048850 0.576850 0.046900 0.046900
0 0.704100 0.463500 0.017600 0.031200
0 0.695300 0.466150 0.031200 0.033900
0 0.502000 0.490250 0.033200 0.024700
0 0.015600 0.541600 0.031200 0.031200
0 0.059550 0.474550 0.029300 0.024700
0 0.678200 0.472650 0.034200 0.039100
0 0.006850 0.554650 0.013700 0.046900
0 0.010250 0.567100 0.020500 0.069000
0 0.859350 0.516900 0.044900 0.028600
0 0.018550 0.478450 0.037100 0.029900
0 0.136200 0.520850 0.057600 0.036500
0 0.674800 0.485000 0.043000 0.043000
