0 0.915100 0.433550 0.168400 0.729300
0 0.088250 0.443400 0.176500 0.884800
0 0.331950 0.498050 0.587500 0.996100
0 0.713600 0.493650 0.459600 0.983300
0 0.288650 0.644700 0.058100 0.122000
0 0.664700 0.639300 0.133800 0.463600
0 0.229750 0.352400 0.178700 0.702800
0 0.512500 0.494550 0.038200 0.254900
0 0.977150 0.383850 0.044100 0.631900
0 0.531200 0.313500 0.165400 0.625000
0 0.848850 0.543850 0.050700 0.369100
0 0.733050 0.637750 0.255900 0.503900
0 0.839350 0.636800 0.021300 0.165400
0 0.588250 0.646200 0.214700 0.526600
0 0.522050 0.490650 0.055900 0.565900
0 0.865400 0.640200 0.075000 0.172200
0 0.881300 0.547700 0.114000 0.373000
0 0.308400 0.357250 0.236000 0.706700
0 0.529100 0.492650 0.239000 0.768700
