0 0.195200 0.690450 0.390400 0.579700
0 0.541950 0.402600 0.160300 0.614200
0 0.675350 0.388800 0.171300 0.777600
0 0.961350 0.371100 0.075700 0.639800
0 0.424950 0.399650 0.119100 0.570900
0 0.890450 0.417300 0.189700 0.673200
0 0.748900 0.447300 0.081600 0.422200
0 0.148150 0.211100 0.205100 0.422200
0 0.603250 0.410450 0.071300 0.482300
0 0.387500 0.383400 0.079400 0.585600
0 0.816550 0.436050 0.050700 0.421300
0 0.964700 0.185550 0.038200 0.105300
0 0.961050 0.159000 0.073500 0.176200
0 0.142650 0.482750 0.219100 0.957700
0 0.769150 0.304100 0.039700 0.161400
0 0.627950 0.410900 0.177900 0.540400
0 0.819900 0.561950 0.041200 0.167300
0 0.387900 0.202300 0.077200 0.223400
