0 0.519900 0.513750 0.091200 0.068900
0 0.640050 0.528600 0.083100 0.088600
0 0.050000 0.781000 0.100000 0.339600
0 0.478300 0.495100 0.068400 0.063000
0 0.029800 0.493650 0.059600 0.107300
0 0.674600 0.493650 0.047800 0.069900
0 0.189700 0.507400 0.041200 0.062000
0 0.640850 0.490150 0.033100 0.029500
0 0.652550 0.503450 0.062500 0.065900
0 0.664700 0.429100 0.008800 0.009800
0 0.995600 0.569900 0.008800 0.061000
0 0.019450 0.436450 0.012500 0.016700
0 0.494450 0.513750 0.041900 0.045300
0 0.664350 0.511300 0.030100 0.048200
0 0.619850 0.417350 0.030900 0.019700
0 0.994850 0.538400 0.010300 0.122000
