0 0.387900 0.431100 0.093400 0.088600
0 0.506250 0.445850 0.050700 0.070900
0 0.234900 0.441400 0.102200 0.075800
0 0.138600 0.452750 0.040400 0.057100
0 0.204800 0.440900 0.043400 0.061000
0 0.729450 0.401600 0.014700 0.011800
0 0.828000 0.382400 0.011800 0.010800
0 0.192650 0.371550 0.069100 0.067900
0 0.116950 0.361700 0.047100 0.052200
0 0.170900 0.361250 0.056600 0.057100
0 0.096300 0.362700 0.042600 0.048200
0 0.330550 0.369100 0.062500 0.076800
0 0.142600 0.369150 0.050000 0.057100
0 0.216600 0.372550 0.059600 0.065900
0 0.045600 0.362700 0.038200 0.034400
0 0.082300 0.368100 0.038200 0.047200
0 0.281950 0.370100 0.055100 0.065000
0 0.308050 0.360750 0.060300 0.069900
0 0.256250 0.372550 0.058100 0.065900
0 0.027950 0.370600 0.047100 0.036400
0 0.069500 0.363150 0.039000 0.043300
0 0.272100 0.429150 0.029400 0.043300
0 0.243350 0.361250 0.044100 0.057100
0 0.107000 0.379950 0.047800 0.059100
0 0.152900 0.354800 0.045600 0.052200
