0 0.348500 0.421750 0.238200 0.841500
0 0.932350 0.453250 0.135300 0.821900
0 0.825300 0.432550 0.190400 0.841500
0 0.502950 0.370550 0.014700 0.042300
0 0.470950 0.374000 0.012500 0.047200
0 0.483450 0.375550 0.016900 0.046300
0 0.515850 0.362150 0.012500 0.041300
0 0.495650 0.372000 0.026500 0.047200
0 0.509550 0.374050 0.014700 0.033500
0 0.626800 0.384300 0.011000 0.010800
0 0.529400 0.379900 0.011800 0.011800
0 0.526900 0.379400 0.014000 0.012800
0 0.969500 0.504900 0.061000 0.472400
0 0.516950 0.351900 0.010300 0.022600
0 0.512100 0.357300 0.011000 0.023600
