0 0.199250 0.690000 0.398500 0.600400
0 0.700800 0.388800 0.211800 0.777600
0 0.395550 0.490650 0.235300 0.445900
0 0.812100 0.424750 0.143400 0.630900
0 0.952550 0.374500 0.094900 0.638800
0 0.570600 0.396150 0.117600 0.621100
0 0.882750 0.406500 0.069900 0.486200
0 0.561700 0.550700 0.142600 0.272600
0 0.390050 0.213100 0.103700 0.251000
0 0.434150 0.379950 0.146300 0.521700
0 0.612450 0.297250 0.044100 0.255900
0 0.600700 0.192450 0.025000 0.058100
0 0.616500 0.354800 0.036000 0.138800
0 0.433800 0.231300 0.142600 0.226400
0 0.614750 0.528050 0.039700 0.233300
0 0.878300 0.250950 0.065400 0.169300
0 0.951850 0.180650 0.096300 0.256900
0 0.866500 0.209200 0.040400 0.087600
0 0.458450 0.602350 0.066900 0.157500
0 0.618700 0.392250 0.031600 0.371100
0 0.951450 0.219000 0.052900 0.148600
