0 0.668050 0.495100 0.387500 0.988200
0 0.873550 0.513750 0.252900 0.881900
0 0.340800 0.552700 0.286000 0.701800
0 0.195550 0.212550 0.189700 0.393700
0 0.180150 0.678150 0.360300 0.606300
0 0.465400 0.429650 0.195600 0.855300
0 0.057700 0.301200 0.115400 0.500000
0 0.794850 0.436500 0.235300 0.873000
0 0.797800 0.059550 0.213200 0.119100
0 0.684200 0.704200 0.039000 0.162400
0 0.848200 0.593550 0.077200 0.484300
0 0.768000 0.720950 0.214000 0.231300
0 0.842600 0.721950 0.063200 0.233300
0 0.616200 0.635800 0.170600 0.315000
0 0.238200 0.914400 0.250000 0.149600
0 0.821300 0.391250 0.261800 0.770700
0 0.735650 0.548700 0.478700 0.800200
0 0.684900 0.268700 0.443400 0.537400
0 0.593400 0.478800 0.213200 0.800200
