0 0.561000 0.553150 0.158800 0.206700
0 0.574200 0.762800 0.113200 0.135800
0 0.701450 0.536950 0.055900 0.083700
0 0.771300 0.600850 0.042600 0.069900
0 0.696700 0.641200 0.034600 0.075800
0 0.876450 0.549250 0.052900 0.057100
0 0.448900 0.612750 0.077200 0.071900
0 0.975750 0.559050 0.048500 0.053100
0 0.951800 0.555100 0.052200 0.049200
0 0.663200 0.871600 0.013200 0.024600
0 0.986400 0.549200 0.027200 0.039400
0 0.720950 0.538900 0.016900 0.036400
0 0.985650 0.538400 0.024300 0.013800
0 0.994100 0.561000 0.011800 0.051200
0 0.573200 0.846400 0.031600 0.035400
0 0.731950 0.397100 0.012500 0.012800
0 0.979800 0.536900 0.014000 0.010800
