0 0.577550 0.422200 0.100700 0.423200
0 0.769150 0.391750 0.097100 0.381900
0 0.826850 0.413850 0.121300 0.441900
0 0.678250 0.395650 0.021300 0.094500
0 0.956950 0.407050 0.055100 0.333700
0 0.698200 0.403050 0.027200 0.091500
0 0.665400 0.400550 0.017600 0.078700
0 0.910300 0.421750 0.104400 0.382900
0 0.720950 0.393200 0.028700 0.111200
0 0.980900 0.405950 0.038200 0.329700
0 0.708800 0.402100 0.017600 0.087600
0 0.735650 0.420750 0.012500 0.054100
0 0.727600 0.391200 0.047800 0.274600
0 0.727950 0.415350 0.023500 0.066900
0 0.708850 0.369050 0.014700 0.031500
0 0.955900 0.300200 0.054400 0.122000
0 0.708400 0.385800 0.031600 0.088600
0 0.679000 0.414350 0.015400 0.057100
0 0.868050 0.421200 0.087500 0.409400
0 0.970650 0.320850 0.026500 0.133900
