0 0.415050 0.380400 0.194900 0.760800
0 0.644900 0.445900 0.275000 0.889800
0 0.668000 0.029050 0.031600 0.058100
0 0.527550 0.361750 0.021300 0.042300
0 0.627950 0.612200 0.119100 0.275600
0 0.509150 0.365700 0.016900 0.040400
0 0.689400 0.375050 0.134600 0.744100
0 0.508800 0.365150 0.017600 0.041300
0 0.701800 0.172750 0.106600 0.343500
0 0.515100 0.364150 0.015400 0.041300
0 0.637450 0.011300 0.039700 0.022600
0 0.656250 0.605300 0.055100 0.273600
0 0.643350 0.024600 0.055900 0.049200
0 0.501850 0.367100 0.012500 0.037400
0 0.609900 0.470050 0.161000 0.684100
