0 0.656600 0.388300 0.175000 0.776600
0 0.816950 0.422750 0.180900 0.640700
0 0.432300 0.391700 0.154400 0.586600
0 0.281300 0.375500 0.134600 0.625000
0 0.955500 0.399600 0.089000 0.584600
0 0.556200 0.407450 0.081600 0.616100
0 0.200350 0.365650 0.150700 0.729300
0 0.773550 0.426150 0.101500 0.466500
0 0.744850 0.430100 0.048500 0.452800
0 0.573200 0.572850 0.172800 0.281500
0 0.984200 0.234800 0.031600 0.377000
0 0.986050 0.124050 0.027900 0.155500
0 0.415400 0.163900 0.095600 0.134800
0 0.414750 0.282500 0.110300 0.362200
0 0.601450 0.402550 0.139700 0.645700
0 0.961050 0.242150 0.077900 0.366100
0 0.441550 0.186050 0.046300 0.179100
0 0.458800 0.312500 0.082400 0.422200
0 0.986050 0.080750 0.027900 0.068900
