0 0.828300 0.409400 0.056600 0.224400
0 0.404400 0.398100 0.150000 0.573800
0 0.552600 0.403050 0.031600 0.132900
0 0.764300 0.438950 0.077200 0.305100
0 0.462850 0.404500 0.024300 0.084600
0 0.677950 0.377000 0.185300 0.661400
0 0.616550 0.432550 0.074300 0.292300
0 0.526850 0.407450 0.028700 0.116100
0 0.577250 0.409450 0.030900 0.129900
0 0.514650 0.406950 0.019100 0.107300
0 0.604350 0.476850 0.052900 0.154500
0 0.597050 0.425250 0.060300 0.206700
0 0.452900 0.401600 0.058800 0.389800
0 0.742600 0.430100 0.038200 0.287400
