0 0.691950 0.388300 0.194100 0.776600
0 0.151850 0.673700 0.303700 0.599400
0 0.281200 0.370100 0.140400 0.698800
0 0.444800 0.395700 0.138200 0.574800
0 0.850400 0.406000 0.118400 0.487200
0 0.808100 0.509400 0.132400 0.440000
0 0.366500 0.370100 0.106600 0.563000
0 0.953700 0.380900 0.092600 0.622000
0 0.547400 0.444850 0.156600 0.545300
0 0.554050 0.220500 0.099300 0.128000
0 0.955150 0.188450 0.089700 0.280500
0 0.594900 0.376950 0.075000 0.405500
0 0.600400 0.386850 0.136000 0.645700
0 0.979050 0.374000 0.041900 0.600400
0 0.578350 0.477400 0.103700 0.389800
0 0.859500 0.582150 0.063200 0.132900
0 0.291150 0.640250 0.105900 0.156500
