0 0.377600 0.444900 0.256600 0.885800
0 0.588200 0.395200 0.120600 0.587600
0 0.515400 0.392250 0.188200 0.782500
0 0.205500 0.671700 0.409600 0.599400
0 0.918000 0.486250 0.152200 0.905500
0 0.822050 0.417800 0.219100 0.790400
0 0.160350 0.236250 0.222100 0.470500
0 0.883100 0.454200 0.111800 0.475400
0 0.743800 0.344950 0.064000 0.654500
0 0.794800 0.485750 0.154400 0.495100
0 0.744850 0.541850 0.051500 0.270700
0 0.912150 0.511750 0.041900 0.417300
0 0.913900 0.376950 0.117600 0.492100
0 0.916500 0.463050 0.036000 0.182100
0 0.772750 0.540350 0.110300 0.305100
0 0.932750 0.462600 0.033100 0.185000
0 0.155100 0.502000 0.229400 0.976400
