0 0.429750 0.473900 0.353700 0.926200
0 0.831200 0.393750 0.081600 0.309100
0 0.864700 0.385300 0.057400 0.274600
0 0.693750 0.404050 0.041900 0.144700
0 0.640050 0.398150 0.024300 0.083700
0 0.619850 0.395200 0.022100 0.085600
0 0.748150 0.402100 0.069900 0.251000
0 0.591550 0.400600 0.021300 0.076800
0 0.575000 0.401600 0.017600 0.025600
0 0.767700 0.395200 0.032400 0.172200
0 0.575400 0.401100 0.018400 0.026600
0 0.608100 0.387250 0.017600 0.079700
0 0.609900 0.365200 0.014000 0.037400
0 0.845550 0.266250 0.019100 0.032500
0 0.767300 0.367100 0.027200 0.084600
0 0.770600 0.397200 0.029400 0.089600
