0 0.948550 0.504950 0.102900 0.092500
0 0.708800 0.509400 0.092600 0.077800
0 0.099700 0.480800 0.034600 0.038400
0 0.528300 0.492150 0.081600 0.057100
0 0.582700 0.488200 0.061000 0.049200
0 0.462450 0.480250 0.069100 0.041300
0 0.356550 0.480800 0.052900 0.034400
0 0.417300 0.481800 0.072800 0.040400
0 0.245250 0.476450 0.033100 0.021700
0 0.570550 0.509300 0.035300 0.036400
0 0.019100 0.435950 0.011800 0.015700
0 0.558450 0.503450 0.058100 0.044300
0 0.685300 0.503950 0.045600 0.059100
0 0.736400 0.134400 0.014000 0.012800
0 0.661800 0.428650 0.007400 0.008900
0 0.995600 0.488200 0.008800 0.063000
