0 0.649600 0.498550 0.402200 0.993100
0 0.872050 0.525050 0.255900 0.843500
0 0.269100 0.497050 0.488200 0.992100
0 0.500000 0.429600 0.138200 0.837600
0 0.140050 0.653600 0.280100 0.651600
0 0.052200 0.519250 0.104400 0.894700
0 0.523150 0.038900 0.130100 0.077800
0 0.820950 0.092050 0.221300 0.184100
0 0.638550 0.065450 0.105100 0.130900
0 0.493050 0.098950 0.119900 0.119100
0 0.848200 0.739150 0.084600 0.242100
0 0.052200 0.250450 0.104400 0.355300
0 0.316950 0.639300 0.344100 0.573800
0 0.419900 0.433550 0.270600 0.841500
0 0.850400 0.586100 0.084600 0.526600
0 0.378700 0.667800 0.216200 0.363200
0 0.583450 0.400550 0.221300 0.793300
0 0.820950 0.294800 0.221300 0.589600
0 0.236000 0.443450 0.236800 0.821900
0 0.461750 0.656500 0.060300 0.401600
0 0.523200 0.618650 0.077200 0.457700
0 0.284600 0.688000 0.086800 0.301200
0 0.278700 0.669300 0.167600 0.523600
0 0.656950 0.378400 0.130100 0.749000
0 0.561800 0.072350 0.236800 0.144700
