0 0.361000 0.435050 0.308800 0.870100
0 0.921700 0.445800 0.156600 0.822800
0 0.835300 0.430100 0.220600 0.860200
0 0.482300 0.374550 0.013200 0.046300
0 0.472800 0.375000 0.011800 0.047200
0 0.496300 0.370550 0.013200 0.042300
0 0.502550 0.369050 0.016900 0.041300
0 0.517250 0.363650 0.012500 0.044300
0 0.508800 0.369600 0.016200 0.038400
0 0.511000 0.378450 0.011800 0.018700
0 0.626800 0.384300 0.011000 0.010800
0 0.626100 0.384300 0.011000 0.010800
0 0.517300 0.350900 0.009600 0.022600
0 0.473500 0.380900 0.011800 0.035400
0 0.909950 0.045250 0.033100 0.043300
0 0.470200 0.364650 0.009600 0.032500
0 0.524300 0.377450 0.016200 0.016700
0 0.529000 0.380400 0.011000 0.010800
0 0.511000 0.358300 0.011800 0.027600
