0 0.490400 0.386800 0.192600 0.773600
0 0.209500 0.389250 0.258800 0.778500
0 0.758400 0.405050 0.036000 0.121100
0 0.656250 0.396200 0.019900 0.077800
0 0.696750 0.398600 0.019900 0.076800
0 0.642650 0.395150 0.014700 0.067900
0 0.680150 0.397600 0.019100 0.072800
0 0.671700 0.395200 0.015400 0.064000
0 0.674200 0.362650 0.013200 0.028500
0 0.826850 0.378400 0.012500 0.010800
0 0.680150 0.364200 0.014700 0.023600
0 0.675700 0.379950 0.020600 0.066900
0 0.655500 0.364150 0.014000 0.015700
0 0.697000 0.366700 0.013200 0.014800
0 0.656600 0.373050 0.016200 0.031500
0 0.684200 0.398650 0.039000 0.080700
