0 0.690500 0.412900 0.211800 0.823800
0 0.885300 0.411400 0.195600 0.602400
0 0.573550 0.414400 0.122100 0.610200
0 0.784950 0.398650 0.037500 0.129900
0 0.820600 0.407550 0.057400 0.133900
0 0.744100 0.393200 0.025000 0.123000
0 0.775350 0.395150 0.019900 0.119100
0 0.832400 0.425700 0.036800 0.097400
0 0.802600 0.402550 0.043400 0.141700
0 0.758800 0.349400 0.013200 0.039400
0 0.742250 0.424200 0.021300 0.061000
0 0.795200 0.422750 0.022800 0.091500
0 0.017700 0.430150 0.007400 0.017700
0 0.738950 0.398600 0.044100 0.240200
