0 0.616150 0.408950 0.176500 0.817900
0 0.330850 0.499550 0.573500 0.995100
0 0.047450 0.482250 0.094900 0.956700
0 0.321750 0.930100 0.099300 0.112200
0 0.233450 0.494600 0.241900 0.961600
0 0.892300 0.490200 0.215400 0.913400
0 0.532750 0.663850 0.044900 0.382900
0 0.245950 0.832650 0.250700 0.316900
0 0.787500 0.428150 0.182400 0.856300
0 0.432400 0.664350 0.232400 0.393700
0 0.184550 0.709150 0.369100 0.565900
0 0.327600 0.844000 0.131600 0.290400
0 0.340100 0.709150 0.440400 0.554100
0 0.469500 0.426700 0.315400 0.851400
