0 0.663200 0.388300 0.192600 0.776600
0 0.443350 0.393650 0.139700 0.580700
0 0.816200 0.411400 0.167600 0.685000
0 0.546350 0.395150 0.102900 0.617100
0 0.955150 0.399100 0.089700 0.577800
0 0.388950 0.370050 0.080900 0.566900
0 0.197800 0.277050 0.157400 0.554100
0 0.189350 0.767200 0.378700 0.461600
0 0.891200 0.393750 0.061800 0.519700
0 0.218750 0.889750 0.316900 0.220500
0 0.969850 0.279000 0.060300 0.459600
0 0.861350 0.181050 0.021300 0.029500
0 0.969100 0.152000 0.061800 0.209600
0 0.580850 0.190000 0.039700 0.137800
0 0.748500 0.488250 0.041200 0.332700
0 0.978700 0.429100 0.042600 0.549200
0 0.747100 0.359250 0.057400 0.559100
