0 0.326100 0.397150 0.234600 0.794300
0 0.650000 0.456200 0.242600 0.912400
0 0.502200 0.365150 0.013200 0.041300
0 0.522800 0.362250 0.016200 0.043300
0 0.539000 0.357800 0.011800 0.040400
0 0.549600 0.356300 0.014000 0.039400
0 0.509200 0.364700 0.009600 0.040400
0 0.597400 0.391700 0.115400 0.773600
0 0.527550 0.359750 0.012500 0.042300
0 0.516600 0.365700 0.009600 0.038400
0 0.572000 0.107250 0.058800 0.141700
0 0.635650 0.643700 0.055100 0.250000
0 0.555900 0.356800 0.011800 0.038400
0 0.533400 0.363200 0.011000 0.037400
0 0.479450 0.378450 0.010300 0.018700
0 0.570950 0.194850 0.058100 0.316900
