0 0.826450 0.396100 0.085300 0.298200
0 0.260700 0.441950 0.314000 0.883900
0 0.541150 0.407050 0.035300 0.121100
0 0.632300 0.416850 0.079400 0.268700
0 0.443400 0.376450 0.132400 0.678100
0 0.729450 0.419250 0.064700 0.255900
0 0.667300 0.401600 0.043400 0.224400
0 0.695950 0.403100 0.033100 0.201800
0 0.594100 0.408950 0.029400 0.117100
0 0.089700 0.397150 0.179400 0.794300
0 0.164400 0.432600 0.139000 0.512800
0 0.604050 0.403550 0.050700 0.220500
0 0.662900 0.433050 0.031600 0.129900
0 0.695250 0.354800 0.024300 0.097400
0 0.032350 0.021150 0.064700 0.042300
