0 0.509250 0.498050 0.099300 0.157500
0 0.702550 0.503950 0.046300 0.169300
0 0.656600 0.544250 0.041200 0.068900
0 0.609500 0.539900 0.063200 0.073800
0 0.445550 0.498000 0.030900 0.076800
0 0.396300 0.556150 0.054400 0.094500
0 0.361100 0.564900 0.032400 0.084600
0 0.152550 0.492100 0.046300 0.039400
0 0.111450 0.512300 0.108100 0.050200
0 0.391200 0.503450 0.042600 0.056100
0 0.287550 0.487200 0.030900 0.061000
0 0.253700 0.490150 0.100000 0.066900
0 0.230450 0.504400 0.080100 0.050200
0 0.383850 0.493600 0.027900 0.036400
0 0.370950 0.549750 0.050700 0.119100
0 0.020250 0.435550 0.012500 0.018700
0 0.283850 0.473950 0.022100 0.032500
0 0.644850 0.557600 0.019100 0.040400
0 0.163950 0.490600 0.022100 0.036400
