0 0.729450 0.479850 0.035300 0.067900
0 0.476800 0.518200 0.097800 0.077800
0 0.527550 0.496600 0.091900 0.075800
0 0.668750 0.471950 0.028700 0.054100
0 0.414700 0.478900 0.032400 0.052200
0 0.578650 0.471950 0.035300 0.054100
0 0.447800 0.472900 0.029400 0.036400
0 0.367300 0.486750 0.052200 0.030500
0 0.245200 0.496050 0.077200 0.068900
0 0.996700 0.577300 0.006600 0.050200
0 0.508850 0.473950 0.051500 0.030500
0 0.380150 0.485700 0.027900 0.026600
0 0.730100 0.400600 0.013200 0.011800
0 0.354400 0.491650 0.079400 0.046300
