0 0.296350 0.407500 0.222100 0.813000
0 0.720550 0.451300 0.294100 0.902600
0 0.593350 0.402050 0.219100 0.804100
0 0.481250 0.376450 0.012500 0.046300
0 0.497800 0.369150 0.011800 0.045300
0 0.542600 0.358300 0.013200 0.039400
0 0.507700 0.367150 0.011000 0.043300
0 0.529750 0.361700 0.012500 0.040400
0 0.518700 0.363700 0.011000 0.040400
0 0.502600 0.368650 0.015400 0.044300
0 0.098550 0.429650 0.197100 0.859300
0 0.555200 0.355800 0.011800 0.040400
0 0.098550 0.170750 0.197100 0.341500
0 0.564700 0.358750 0.008800 0.028500
0 0.097800 0.074300 0.195600 0.148600
