0 0.809150 0.398650 0.108100 0.346500
0 0.567700 0.408400 0.095600 0.372000
0 0.654400 0.397600 0.095600 0.322800
0 0.491900 0.402050 0.029400 0.083700
0 0.741150 0.410900 0.076500 0.300200
0 0.718350 0.394700 0.048500 0.275600
0 0.596300 0.448300 0.025000 0.077800
0 0.530450 0.410400 0.025700 0.112200
0 0.622100 0.440500 0.041200 0.188000
0 0.539350 0.409450 0.046300 0.230300
0 0.699300 0.403050 0.057400 0.278500
0 0.719550 0.320350 0.044900 0.128900
0 0.687900 0.438950 0.036000 0.190900
0 0.765800 0.410950 0.040400 0.294300
0 0.648950 0.459150 0.083100 0.166300
0 0.626800 0.488150 0.040400 0.094500
0 0.606600 0.470450 0.041200 0.116100
0 0.813200 0.457250 0.095600 0.158500
0 0.707650 0.435500 0.030100 0.186000
0 0.544450 0.408950 0.037500 0.103300
