0 0.442650 0.566450 0.444100 0.768700
0 0.636100 0.403550 0.157400 0.807100
0 0.286050 0.363200 0.239700 0.700800
0 0.933100 0.400600 0.133800 0.714600
0 0.839350 0.404050 0.121300 0.581700
0 0.762200 0.397700 0.159600 0.714600
0 0.516200 0.413900 0.113200 0.501000
0 0.512100 0.200750 0.097800 0.179100
0 0.704750 0.370050 0.071300 0.669300
0 0.710700 0.092550 0.056600 0.104300
0 0.029050 0.443900 0.058100 0.187000
0 0.028700 0.575300 0.057400 0.440000
0 0.808500 0.178150 0.059600 0.118100
0 0.379050 0.711550 0.316900 0.478300
0 0.708500 0.191500 0.059600 0.302200
0 0.511750 0.503900 0.194100 0.649600
