0 0.368400 0.747100 0.411800 0.413400
0 0.629100 0.459150 0.293400 0.918300
0 0.817600 0.405000 0.158800 0.634800
0 0.884200 0.396650 0.090400 0.515700
0 0.731600 0.405500 0.132400 0.740200
0 0.924650 0.381850 0.150700 0.631900
0 0.487900 0.475350 0.072800 0.181100
0 0.922800 0.561050 0.154400 0.309100
0 0.763650 0.115600 0.078700 0.123000
0 0.629400 0.587600 0.279400 0.425200
0 0.757050 0.325350 0.074300 0.546300
0 0.884950 0.236700 0.062500 0.199800
0 0.745950 0.508350 0.075700 0.520700
0 0.951050 0.281500 0.096300 0.411400
0 0.954800 0.513300 0.090400 0.522600
0 0.731200 0.408000 0.290400 0.753000
