0 0.404400 0.614200 0.142600 0.177200
0 0.828700 0.559600 0.036800 0.064000
0 0.729050 0.635350 0.041900 0.065900
0 0.395200 0.722000 0.068400 0.101400
0 0.867300 0.590050 0.043400 0.056100
0 0.892250 0.510350 0.083100 0.128900
0 0.044100 0.681550 0.088200 0.191900
0 0.994850 0.497050 0.010300 0.059100
0 0.869150 0.506900 0.035300 0.122000
0 0.378650 0.540900 0.035300 0.026600
0 0.906950 0.522650 0.053700 0.070900
0 0.927950 0.455200 0.044100 0.026600
0 0.914300 0.535000 0.040400 0.040400
0 0.387900 0.536900 0.047800 0.014800
