0 0.472800 0.398100 0.132400 0.201800
0 0.632350 0.404550 0.085300 0.133900
0 0.513600 0.502950 0.043400 0.029500
0 0.363600 0.478350 0.061000 0.055100
0 0.401850 0.488150 0.053700 0.057100
0 0.797450 0.489200 0.046300 0.027600
0 0.404800 0.470450 0.047800 0.043300
0 0.700750 0.488150 0.051500 0.031500
0 0.894550 0.502950 0.044900 0.041300
0 0.379800 0.469000 0.034600 0.040400
0 0.349300 0.470450 0.033800 0.033500
0 0.569800 0.356350 0.067600 0.057100
0 0.714000 0.494550 0.041200 0.030500
0 0.895600 0.374050 0.045600 0.106300
